I
1000 Generated by WorldEditor

1    990 0 0 VA2C GONDIA
100 54.88 1 0 0.25 0 0 0 05  21.51801712  080.28127143    0  160 2 0 0 0 23  21.53098228  080.29472800    0  136 2 0 0 0
110 2 0.00 0.0000 New Taxiway 42
111  21.52267706  080.28917889
111  21.52213070  080.28975836
112  21.52202271  080.28975127  21.52196494  080.28965629
111  21.52112555  080.28879053
111  21.52028615  080.28970013
111  21.52064298  080.29006908
111  21.52101000  080.28970743
112  21.52109156  080.28973666  21.52111535  080.28980241
111  21.52121051  080.28984990
112  21.52123429  080.28994853  21.52120371  080.28999968
111  21.52117652  080.29001794
111  21.52124109  080.29008735
111  21.52130906  080.29001429
112  21.52140761  080.29005447  21.52146198  080.29011292
111  21.52156394  080.29025174
111  21.52195815  080.28980972
111  21.52200912  080.28982068
111  21.52202611  080.28986817
111  21.52151976  080.29040516
111  21.52254266  080.29152299
111  21.52199553  080.29216958
111  21.52265821  080.29283443
111  21.52417728  080.29116864
111  21.52377627  080.29070105
111  21.52352479  080.29043438
112  21.52352139  080.29021884  21.52361315  080.29009829
113  21.52357577  080.29014578
110 2 0.00 0.0000 New Taxiway 41
111  21.53303211  080.29355999
112  21.53315281  080.29369723  21.53321780  080.29379454
111  21.53313948  080.29390400
111  21.53187520  080.29527606
111  21.53203570  080.29544795
111  21.53378406  080.29355173
113  21.53342284  080.29313752
110 2 0.00 0.0000 New Taxiway 40
111  21.53060433  080.29701625
111  21.53654762  080.30317252
111  21.53763772  080.30199575
111  21.53734823  080.30167968
111  21.53652048  080.30252578
112  21.53638026  080.30244798  21.53635764  080.30242367
111  21.53621290  080.30229724
113  21.53090596  080.29668972
110 1 0.00 0.0000 New Taxiway 35
111  21.52066457  080.28436774 20 102
112  21.52063813  080.28450039  21.52060603  080.28456416 20 102
111  21.51966854  080.28563737 20 102
111  21.52233933  080.28845142 20 102
112  21.52235695  080.28867882  21.52228644  080.28876410 20 102
111  21.52174876  080.28937049 20 102
111  21.52166061  080.28936102 20 102
111  21.52182809  080.28954104 20 102
111  21.52184571  080.28942734 20 102
111  21.52239394  080.28876890 20 102
112  21.52252678  080.28870912  21.52260711  080.28872572 20 102
112  21.52260711  080.28873569  21.52264418  080.28876890 20 102
111  21.52275849  080.28890174 20 102
111  21.52280483  080.28895487 20 102
112  21.52279865  080.28904454  21.52276158  080.28908439 20 102
111  21.52267507  080.28918734 20 102
111  21.52301800  080.28955597 20 102
111  21.52358645  080.29015706 20 102
111  21.52372756  080.29002285 20 102
112  21.52381437  080.29004206  21.52386033  080.29008598 20 102
111  21.52410468  080.29029155 20 102
111  21.53060564  080.29701840 20 102
111  21.53170344  080.29582107 20 102
111  21.53099027  080.29510609 20 102
111  21.53107842  080.29541620 20 102
111  21.53132682  080.29569185 20 102
112  21.53132022  080.29576654  21.53128570  080.29580366 20 102
111  21.53064842  080.29645904 20 102
112  21.53053720  080.29641919  21.53043834  080.29633948 20 102
111  21.53030189  080.29619352 20 102
111  21.52724292  080.29301963 20 102
112  21.52704425  080.29279068  21.52704425  080.29278450 20 102
112  21.52702507  080.29263396  21.52707878  080.29254942 20 102
111  21.52749256  080.29205451 20 102
111  21.52761283  080.29194336 20 102
112  21.52780274  080.29183674  21.52785550  080.29185489 20 102
111  21.52785550  080.29184809 20 102
111  21.52742925  080.29139895 20 102
112  21.52737017  080.29165981  21.52724145  080.29180272 20 102
111  21.52720136  080.29187077 20 102
111  21.52679411  080.29229722 20 102
112  21.52663163  080.29235846  21.52657887  080.29231990 20 102
111  21.52421767  080.28988022 20 102
112  21.52409328  080.28963954  21.52414802  080.28954861 20 102
111  21.52441669  080.28920096 20 102
111  21.52474011  080.28886935 20 102
112  21.52500878  080.28888005  21.52512322  080.28897097 20 102
111  21.52447143  080.28833985 20 102
112  21.52448635  080.28861797  21.52440674  080.28870355 20 102
111  21.52401865  080.28916352 20 102
111  21.52379475  080.28936141 20 102
112  21.52362558  080.28928119  21.52351612  080.28916887 20 102
111  21.52346637  080.28909934 20 102
112  21.52344149  080.28896563  21.52346637  080.28889075 20 102
111  21.52353602  080.28882657 20 102
111  21.52413806  080.28816336 20 102
112  21.52429728  080.28816336  21.52436196  080.28822219 20 102
111  21.52380968  080.28763921 20 102
112  21.52378102  080.28800174  21.52365786  080.28813694 20 102
111  21.52320278  080.28862474 20 102
112  21.52304269  080.28865795  21.52297529  080.28858851 20 102
112  21.52284047  080.28844661  21.52284047  080.28843454 20 102
112  21.52286013  080.28823830  21.52295563  080.28812055 20 102
111  21.52347240  080.28753787 20 102
112  21.52371956  080.28757108  21.52387122  080.28769185 20 102
111  21.52342746  080.28725106 20 102
112  21.52341904  080.28744428  21.52335444  080.28754391 20 102
111  21.52277588  080.28822622 20 102
112  21.52259332  080.28821113  21.52247536  080.28811150 20 102
111  21.52024021  080.28574572 20 102
112  21.52024021  080.28551627  21.52034967  080.28537508 20 102
111  21.52087434  080.28482045 20 102
112  21.52093363  080.28479233  21.52097200  080.28479983 20 102
113  21.52106966  080.28480358 20 102
111  21.52318165  080.28935989 20 102
111  21.52333589  080.28948290 20 102
111  21.52337570  080.28953104 20 102
111  21.52344038  080.28964335 20 102
112  21.52339062  080.28976102  21.52328614  080.28973428 20 102
111  21.52328614  080.28973428 20 102
112  21.52322146  080.28967545  21.52320653  080.28967545 20 102
112  21.52315180  080.28961126  21.52313687  080.28960057 20 102
111  21.52310204  080.28954173 20 102
111  21.52306721  080.28944546 20 102
114  21.52307717  080.28937058  21.52308214  080.28931175 20 102
110 2 0.00 0.0000 New Taxiway 34
111  21.53169720  080.29582805
111  21.53795607  080.30232507
111  21.53829630  080.30189625
113  21.53204310  080.29543881
120 Linear Feature 79
111  21.53580595  080.30196659 20
115  21.53587383  080.30235225
120 Linear Feature 78
111  21.53599987  080.30214379 20
115  21.53563143  080.30214379
120 Linear Feature 77
111  21.53702764  080.30070537 20
115  21.53660102  080.30072621
120 Linear Feature 71
111  21.53173366  080.29770346 20
115  21.53135552  080.29766176
120 Linear Feature 74
111  21.53681433  080.30045520 20
115  21.53682403  080.30099722
120 Linear Feature 73
111  21.53346924  080.29952753 20
115  21.53355650  080.29993404
120 Linear Feature 72
111  21.53371163  080.29974642 20
115  21.53329471  080.29969430
120 Linear Feature 70
111  21.53153005  080.29747415 20
115  21.53153005  080.29785981
120 Linear Feature 69
111  21.53285839  080.29644224 20
115  21.53252873  080.29642140
120 Linear Feature 67
111  21.53267417  080.29621293 20
115  21.53267417  080.29669240
120 Linear Feature 65
111  21.53473940  080.29838097 20
115  21.53442913  080.29839139
120 Linear Feature 64
111  21.53456488  080.29813081 20
115  21.53462305  080.29864155
120 Linear Feature 63
111  21.52824092  080.29187423 1 101
111  21.52805683  080.29166564 1 101
116  21.52760405  080.29169238  21.52743986  080.29185819
120 Linear Feature 62
111  21.52403537  080.28997479 1 101
111  21.52384132  080.28980364 1 101
112  21.52371693  080.28983039  21.52365723  080.28988387 1 101
115  21.52348308  080.29001223
120 Linear Feature 61
111  21.52407517  080.28935437 1 101
111  21.52387117  080.28963249 1 101
116  21.52395078  080.28988387  21.52407517  080.29001223
120 Linear Feature 59
111  21.52348806  080.28939181 1 101
111  21.52364727  080.28962179 1 101
112  21.52363235  080.28977690  21.52354279  080.28989457 1 101
115  21.52346318  080.29003363
120 Linear Feature 58
111  21.52407517  080.28935972 1 101
115  21.52346816  080.29002828
120 Linear Feature 57
111  21.52511009  080.28862698 1 101
116  21.52468716  080.28866976  21.52451800  080.28885161
120 Linear Feature 56
111  21.52464736  080.28815096 1 101
112  21.52466229  080.28868581  21.52444834  080.28894254 1 101
111  21.52445829  080.28892114 1 101
111  21.52406025  080.28935972 1 101
111  21.52386620  080.28953622 1 101
116  21.52366718  080.28955761  21.52354279  080.28947739
120 Linear Feature 55
111  21.52404034  080.28797981 1 101
116  21.52449809  080.28800121  21.52467224  080.28818840
120 Linear Feature 54
111  21.52340845  080.28930088 1 101
111  21.52317957  080.28912438 1 101
112  21.52301041  080.28917252  21.52288104  080.28926344 1 101
115  21.52288104  080.28926344
120 Linear Feature 53
111  21.52340845  080.28868046 1 101
111  21.52324923  080.28892114 1 101
112  21.52327411  080.28914577  21.52337860  080.28926344 1 101
111  21.52339850  080.28929018 1 101
115  21.52339850  080.28930088
120 Linear Feature 43
111  21.52044797  080.28475293 4 103
115  21.52068348  080.28499805
120 Linear Feature 50
111  21.52289099  080.28876603 1 101
116  21.52288104  080.28925809  21.52261734  080.28953621
120 Linear Feature 49
111  21.52282133  080.28933832 1 101
115  21.52341840  080.28869650
120 Linear Feature 48
111  21.52385625  080.28731661 1 101
111  21.52401547  080.28749310 1 101
112  21.52403537  080.28799586  21.52388113  080.28815631 1 101
111  21.52341342  080.28869650 1 101
111  21.52324426  080.28884091 1 101
112  21.52310494  080.28891044  21.52303528  080.28888905 1 101
115  21.52289597  080.28877673
120 Linear Feature 47
111  21.52076869  080.28465155 1 101
116  21.52118935  080.28457376  21.52132504  080.28470018
120 Linear Feature 46
111  21.52694827  080.29240798 1 101
116  21.52694827  080.29297378  21.52730807  080.29328939
120 Linear Feature 45
111  21.52740059  080.29098464 1 101
112  21.52760619  080.29166979  21.52734302  080.29196153 1 101
111  21.52694827  080.29241240 1 101
111  21.52680024  080.29252733 1 101
112  21.52659875  080.29256269  21.52647127  080.29248755 1 101
115  21.52641782  080.29242124
120 Linear Feature 44
111  21.52070965  080.28404972 1 101
112  21.52067974  080.28476498  21.52028349  080.28518690 1 101
111  21.52028349  080.28520699 1 101
111  21.52010406  080.28540389 1 101
111  21.52003303  080.28550435 1 101
111  21.51998444  080.28556864 1 101
112  21.51997322  080.28570928  21.52002182  080.28576554 1 101
111  21.52005546  080.28580572 1 101
111  21.52023116  080.28601065 1 101
111  21.52050031  080.28629997 1 101
111  21.52121804  080.28704738 1 101
111  21.52207783  080.28793945 1 101
111  21.52278809  080.28867079 1 101
111  21.52348339  080.28939007 1 101
111  21.52416748  080.29009731 1 101
111  21.52490017  080.29084875 1 101
111  21.52587584  080.29187747 1 101
111  21.52635433  080.29236773 1 101
111  21.52703468  080.29305891 1 101
111  21.52950564  080.29563076 1 101
111  21.53021589  080.29637018 1 101
111  21.53047383  080.29659923 1 101
111  21.53058224  080.29669166 1 101
112  21.53069065  080.29668362  21.53074298  080.29664746 1 101
111  21.53152800  080.29579552 1 101
112  21.53150931  080.29528918  21.53125885  080.29497573 1 101
115  21.53073177  080.29441714
21  21.52030097  080.28299391 2 43.6982 3.0 New Light Fixture 14
21  21.52897144  080.29334423 2 225.1024 3.0 New Light Fixture 13
19  21.51946709  080.28191039 1 WS
19  21.53229515  080.29336131 1 WS
99
