I
1000 Generated by WorldEditor

1    187 1 0 VAAH AHMEDABAD
100 45.72 1 0 0.25 0 3 0 05  23.06598621  072.62241839    0   65 3 7 0 1 23  23.08853726  072.64649013    0   59 3 1 0 1
110 2 0.00 360.0000 New Taxiway 3
111  23.08344009  072.64135151
111  23.08334833  072.64142238
111  23.08341594  072.64149062
111  23.08555216  072.64376812
111  23.08531312  072.64403567
112  23.08554154  072.64429745  23.08558049  072.64433980
111  23.08567434  072.64431477
111  23.08585092  072.64413438
112  23.08761142  072.64594566  23.08775283  072.64609170
111  23.08762557  072.64629922
111  23.08816763  072.64688335
113  23.08839152  072.64664509
110 2 0.00 360.0000 New Taxiway 2
111  23.08371521  072.64103760
111  23.08868569  072.64633815
111  23.08888977  072.64611078
111  23.08833939  072.64553108
112  23.08818540  072.64557138  23.08809415  072.64557758
111  23.08804852  072.64552178
111  23.08741486  072.64485828
113  23.08377298  072.64096655
110 1 0.00 360.0000 New Taxiway 1
111  23.08377298  072.64096655
111  23.08352332  072.64069131
111  23.08352580  072.64082572
113  23.08371521  072.64103760
110 2 0.00 360.0000 New Taxiway 7
111  23.07511132  072.61675417
111  23.07560285  072.61734222
111  23.07613553  072.61782614
111  23.07652926  072.61821875
111  23.07722930  072.61889987
111  23.07741477  072.61881654
111  23.07622000  072.61761568
113  23.07525615  072.61660069
111  23.07607303  072.61760331
111  23.07606281  072.61762996
111  23.07532501  072.61686133
111  23.07533932  072.61683689
113  23.07602806  072.61755443
111  23.07463236  072.61609840
111  23.07465652  072.61608022
111  23.07510800  072.61658309
111  23.07508013  072.61661136
113  23.07464537  072.61612869
111  23.07724548  072.61879436
111  23.07609804  072.61765463
111  23.07611288  072.61763313
113  23.07726774  072.61876748
110 1 0.00 360.0000 New Taxiway 25
111  23.06898779  072.62223832
111  23.07184190  072.62530153
112  23.07199079  072.62515606  23.07201335  072.62513154
111  23.07199079  072.62515606
112  23.07199079  072.62515606  23.07184051  072.62524794
112  23.07166851  072.62500961  23.07158398  072.62491773
111  23.07165912  072.62477990
111  23.07244810  072.62392234
111  23.07263501  072.62387670
111  23.07253436  072.62377732
112  23.07168351  072.62471079  23.07156542  072.62484438
111  23.07138798  072.62473698
111  23.06937598  072.62258829
111  23.06917995  072.62238499
113  23.06901366  072.62221265
110 2 0.00 360.0000 New Taxiway 22
111  23.07256313  072.62067947
111  23.07203986  072.62127184
111  23.07237606  072.62163727
113  23.07292734  072.62106149
110 1 0.00 360.0000 New Taxiway 14
111  23.07325962  072.61727085
111  23.07379996  072.61785306
111  23.07269579  072.61903790
111  23.07214605  072.61848634
111  23.07207088  072.61858848
111  23.07278506  072.61929836
111  23.07285084  072.61919111
111  23.07278976  072.61911961
111  23.07385634  072.61798584
111  23.07395031  072.61807266
111  23.07416175  072.61810330
111  23.07428391  072.61822077
111  23.07406308  072.61845569
111  23.07401313  072.61857486
111  23.07407834  072.61859849
111  23.07411476  072.61851187
111  23.07416175  072.61850676
111  23.07433090  072.61831269
111  23.07448116  072.61846591
111  23.07494162  072.61795520
111  23.07456103  072.61753642
111  23.07416166  072.61803181
111  23.07401600  072.61792967
111  23.07384538  072.61773899
111  23.07376346  072.61764744
111  23.07340712  072.61724921
113  23.07334880  072.61718403
110 1 0.00 360.0000 New Taxiway 16
111  23.07298405  072.61959412
111  23.07285488  072.61969524
111  23.07289434  072.61973575
111  23.07247521  072.62024125
111  23.07254219  072.62031160
111  23.07292724  072.61985059
112  23.07301667  072.61984793  23.07306359  072.61989296
111  23.07301667  072.61984793
112  23.07301667  072.61984793  23.07302400  072.61985499
112  23.07314398  072.61974991  23.07320087  072.61970844
111  23.07314398  072.61974991
114  23.07314398  072.61974991  23.07311937  072.61972698
110 1 0.00 360.0000 New Taxiway 15
111  23.07354885  072.61927331
111  23.07327558  072.61930107
111  23.07298405  072.61959412
112  23.07314398  072.61974991  23.07311329  072.61971179
111  23.07311995  072.61969419
111  23.07334805  072.61947771
112  23.07338802  072.61943224  23.07342056  072.61939789
111  23.07346146  072.61938778
111  23.07363436  072.61938980
113  23.07362601  072.61927593
110 1 0.00 360.0000 New Taxiway 17
111  23.07734417  072.62341842
111  23.07733685  072.62032218
111  23.07732927  072.61922661
112  23.07741096  072.61910293  23.07748390  072.61906487
111  23.07741096  072.61910293
112  23.07741096  072.61910293  23.07744743  072.61908390
112  23.07749205  072.61905627  23.07750059  072.61905308
111  23.07749205  072.61905627
112  23.07749205  072.61905627  23.07750245  072.61905005
111  23.07779023  072.61890949
111  23.07774939  072.61880801
111  23.07636943  072.61957861
112  23.07584114  072.61994531  23.07577112  072.62000874
111  23.07584114  072.61994531
112  23.07584114  072.61994531  23.07585190  072.61998873
111  23.07589153  072.62001739
111  23.07638165  072.61969594
111  23.07718924  072.61925515
111  23.07721841  072.61990841
111  23.07719334  072.62254310
111  23.07672654  072.62203253
111  23.07585445  072.62110082
111  23.07575175  072.62123686
111  23.07583423  072.62131765
112  23.07579151  072.62143583  23.07572938  072.62150336
111  23.07495212  072.62235568
112  23.07489609  072.62239384  23.07486636  072.62239496
111  23.07489609  072.62239384
112  23.07489609  072.62239384  23.07487589  072.62238322
111  23.07497839  072.62248210
112  23.07501523  072.62241216  23.07505900  072.62236644
111  23.07501523  072.62241216
112  23.07501523  072.62241216  23.07506472  072.62236644
111  23.07585574  072.62146484
112  23.07595215  072.62143768  23.07599306  072.62148213
111  23.07708321  072.62253164
112  23.07720070  072.62288126  23.07721351  072.62309245
111  23.07720070  072.62288126
112  23.07720070  072.62288126  23.07721351  072.62312733
113  23.07721901  072.62338702
110 1 0.00 360.0000 New Taxiway 13
111  23.07736865  072.62526864
111  23.07734417  072.62341842
111  23.07721901  072.62338702
112  23.07723185  072.62460095  23.07723827  072.62485909
111  23.07707780  072.62473351
111  23.07497839  072.62248210
111  23.07489609  072.62239384
111  23.07474694  072.62223390
111  23.07479946  072.62216096
111  23.07498909  072.62216096
111  23.07570155  072.62136343
112  23.07562820  072.62127067  23.07565814  072.62123325
111  23.07575175  072.62123686
111  23.07585445  072.62110082
112  23.07554957  072.62078687  23.07541479  072.62065083
111  23.07546718  072.62045270
111  23.07589153  072.62001739
111  23.07584114  072.61994531
111  23.07538496  072.62038928
111  23.07533987  072.62034603
111  23.07578014  072.61987901
111  23.07572444  072.61982135
112  23.07527887  072.62028261  23.07513830  072.62043540
111  23.07500791  072.62026858
112  23.07436700  072.61962041  23.07436542  072.61960303
111  23.07436700  072.61962041
112  23.07436700  072.61962041  23.07436512  072.61959808
112  23.07436157  072.61940775  23.07434164  072.61935656
112  23.07417435  072.61932309  23.07407472  072.61931718
111  23.07407291  072.61922266
111  23.07407834  072.61859849
111  23.07401313  072.61857486
111  23.07399732  072.61917634
112  23.07365494  072.61901647  23.07356332  072.61897716
111  23.07356573  072.61908199
111  23.07354885  072.61927331
111  23.07362601  072.61927593
112  23.07362842  072.61917372  23.07363083  072.61909510
111  23.07372245  072.61913441
111  23.07396702  072.61927759
111  23.07401283  072.61935621
111  23.07403935  072.61952656
112  23.07414303  072.61973098  23.07423948  072.61979388
111  23.07431904  072.61976767
112  23.07488011  072.62037172  23.07506488  072.62058241
111  23.07480442  072.62081749
112  23.07445969  072.62118353  23.07439792  072.62124418
111  23.07432419  072.62115971
111  23.07387069  072.62061764
111  23.07364260  072.62029765
111  23.07325802  072.61989693
111  23.07314398  072.61974991
111  23.07301667  072.61984793
111  23.07436276  072.62129834
112  23.07395924  072.62172555  23.07387726  072.62184349
111  23.07379769  072.62174652
112  23.07254000  072.62040213  23.07248739  072.62034257
111  23.07254000  072.62040213
112  23.07254000  072.62040213  23.07249631  072.62035740
111  23.07254219  072.62031160
112  23.07247521  072.62024125  23.07247171  072.62024092
111  23.07247521  072.62024125
112  23.07247521  072.62024125  23.07247488  072.62023697
111  23.07182807  072.62102249
111  23.07184398  072.62114357
111  23.07190579  072.62124667
111  23.07196124  072.62118639
111  23.07191294  072.62110898
111  23.07191294  072.62103691
111  23.07240095  072.62050935
111  23.07256313  072.62067947
111  23.07292734  072.62106149
111  23.07320882  072.62135674
112  23.07277620  072.62183895  23.07267253  072.62194640
111  23.07258814  072.62186778
111  23.07237606  072.62163727
111  23.07203986  072.62127184
111  23.07196124  072.62118639
111  23.07190579  072.62124667
112  23.07249892  072.62186254  23.07261225  072.62197785
111  23.07253750  072.62209841
111  23.07227492  072.62237150
112  23.07198581  072.62204798  23.07194052  072.62199679
111  23.07194233  072.62190424
112  23.07195320  072.62159708  23.07195864  072.62145138
111  23.07186334  072.62134396
111  23.07131778  072.62072307
111  23.07123700  072.62078309
112  23.07183003  072.62144354  23.07188571  072.62150137
111  23.07188818  072.62158744
112  23.07188076  072.62190213  23.07188076  072.62201913
111  23.07178054  072.62203662
112  23.07144157  072.62204737  23.07137105  072.62204872
111  23.07135125  072.62202451
111  23.07122570  072.62188197
111  23.07075470  072.62132210
112  23.07069396  072.62133188  23.07066584  072.62136978
111  23.07058823  072.62133921
111  23.07039702  072.62112526
111  23.07045438  072.62104702
111  23.07041960  072.62101237
111  23.07046670  072.62096512
111  23.07040511  072.62090014
111  23.07032359  072.62097693
111  23.07032178  072.62095330
111  23.07081632  072.62041971
111  23.07086886  072.62047484
112  23.07097030  072.62040593  23.07097211  072.62040593
111  23.07111522  072.62057132
111  23.07114783  072.62053785
111  23.07108017  072.62048272
112  23.07101314  072.62038821  23.07102220  072.62036852
112  23.07098778  072.62029370  23.07097329  072.62027204
111  23.07092619  072.62031142
111  23.07070173  072.62007102
111  23.07064185  072.62013123
112  23.07078257  072.62026466  23.07082599  072.62030535
111  23.07078407  072.62033789
112  23.07029247  072.62087467  23.07025534  072.62091214
111  23.07018108  072.62090061
111  23.07006805  072.62075886
111  23.07000868  072.62068441
111  23.06994474  072.62075264
111  23.06903553  072.62175292
111  23.06910605  072.62181747
111  23.07002193  072.62082566
111  23.07034020  072.62119177
111  23.07036407  072.62117447
111  23.07049668  072.62137915
111  23.07010415  072.62182886
111  23.07011741  072.62184616
111  23.07025798  072.62173373
112  23.07031898  072.62168472  23.07034816  072.62166743
111  23.07036407  072.62158671
111  23.07049668  072.62145122
111  23.07052321  072.62147717
111  23.07042772  072.62158671
111  23.07088036  072.62207677
112  23.07105541  072.62192975  23.07112702  072.62186921
112  23.07129401  072.62204764  23.07144581  072.62220880
112  23.07169645  072.62214357  23.07183412  072.62213973
112  23.07241429  072.62281121  23.07294381  072.62331386
111  23.07346626  072.62259634
112  23.07510205  072.62084131  23.07524233  072.62070074
111  23.07539357  072.62086276
112  23.07554482  072.62101047  23.07562153  072.62107480
111  23.07555578  072.62121776
111  23.07545714  072.62112484
111  23.07473286  072.62190530
111  23.07473286  072.62212440
111  23.07466920  072.62216188
112  23.07438806  072.62184476  23.07432441  072.62177557
111  23.07425015  072.62183323
111  23.07392698  072.62215996
112  23.07402781  072.62230529  23.07400938  072.62227144
111  23.07402781  072.62230529
112  23.07402781  072.62230529  23.07399716  072.62226458
111  23.07401410  072.62222818
112  23.07426076  072.62194854  23.07431380  072.62188512
111  23.07434563  072.62193989
112  23.07711141  072.62489165  23.07725089  072.62502594
113  23.07723933  072.62527341
110 4 0.00 360.0000 New Taxiway 6
111  23.07398527  072.61702008
111  23.07379049  072.61723442
111  23.07398383  072.61744946
112  23.07382421  072.61762540  23.07380623  072.61764984
111  23.07376346  072.61764744
112  23.07384538  072.61773899  23.07382515  072.61771211
112  23.07384669  072.61768160  23.07384669  072.61767916
111  23.07402654  072.61750566
112  23.07414120  072.61761807  23.07417492  072.61764984
111  23.07417942  072.61771826
113  23.07438533  072.61748836
110 2 0.00 360.0000 New Taxiway 5
111  23.06994474  072.62075264
111  23.07000868  072.62068441
111  23.07006805  072.62075886
111  23.07027227  072.62052907
111  23.07044828  072.62071017
111  23.07048306  072.62067169
111  23.07030578  072.62049872
111  23.07050708  072.62027944
111  23.07068018  072.62046271
111  23.07071166  072.62042606
111  23.07052956  072.62025012
111  23.07064185  072.62013123
111  23.07070173  072.62007102
111  23.07092619  072.62031142
111  23.07101314  072.62038821
111  23.07207088  072.61858848
111  23.07214605  072.61848634
111  23.07325962  072.61727085
111  23.07334880  072.61718403
111  23.07340712  072.61724921
111  23.07383530  072.61676803
111  23.07387731  072.61681964
111  23.07384232  072.61685481
111  23.07398527  072.61702008
111  23.07438533  072.61748836
111  23.07489046  072.61689585
111  23.07433650  072.61631340
111  23.07426771  072.61628585
111  23.07447409  072.61605366
111  23.07511132  072.61675417
111  23.07525615  072.61660069
111  23.07474201  072.61606941
111  23.07576824  072.61492049
111  23.07538741  072.61447106
111  23.07496885  072.61493531
111  23.07477696  072.61506518
113  23.07429791  072.61557224
110 2 0.00 360.0000 New Taxiway 12
111  23.07747815  072.62647184
111  23.07748998  072.62837551
111  23.07745888  072.62838965
111  23.07741556  072.62991560
111  23.07815644  072.62990607
111  23.07815166  072.62838914
111  23.07754191  072.62839347
111  23.07754906  072.62639943
113  23.07748035  072.62633365
110 2 0.00 360.0000 New Taxiway 4
112  23.07555387  072.62731348  23.07546080  072.62719836
111  23.07550252  072.62708325
111  23.07596163  072.62646231
111  23.07608218  072.62659335
111  23.07615652  072.62652902
112  23.07637133  072.62673392  23.07645900  072.62678634
111  23.07653782  072.62667912
111  23.07713402  072.62601915
111  23.07719320  072.62607633
111  23.07728088  072.62603345
111  23.07729184  072.62613351
111  23.07747815  072.62647184
111  23.07748035  072.62633365
112  23.07739495  072.62619070  23.07735112  072.62611922
111  23.07736646  072.62598579
111  23.07736865  072.62526864
111  23.07723933  072.62527341
112  23.07724371  072.62560220  23.07724152  072.62571656
111  23.07716880  072.62568384
111  23.07700205  072.62588311
111  23.07709028  072.62597626
112  23.07651027  072.62660764  23.07637876  072.62672915
111  23.07630581  072.62659293
112  23.07531573  072.62553602  23.07527064  072.62548125
111  23.07530777  072.62543801
111  23.07595277  072.62475108
111  23.07700205  072.62588311
111  23.07710443  072.62575545
111  23.07716880  072.62568384
111  23.07402781  072.62230529
111  23.07392698  072.62215996
111  23.07347217  072.62259269
111  23.07358504  072.62270079
111  23.07253436  072.62377732
111  23.07263501  072.62387670
111  23.07293326  072.62416870
111  23.07199079  072.62515606
112  23.07175074  072.62538628  23.07159542  072.62553592
111  23.07148123  072.62537860
111  23.07111057  072.62505246
111  23.07073801  072.62528882
112  23.07103392  072.62559615  23.07106899  072.62562474
111  23.07108872  072.62574863
112  23.07131168  072.62656721  23.07134017  072.62666013
111  23.07136428  072.62682452
112  23.07144538  072.62737487  23.07148265  072.62762503
111  23.07124592  072.62747731
111  23.07079657  072.62707944
111  23.07072276  072.62716608
111  23.07264088  072.62921017
111  23.07270339  072.62913171
112  23.07232941  072.62871111  23.07225466  072.62863511
111  23.07224502  072.62855387
111  23.07205242  072.62788113
112  23.07187445  072.62694248  23.07182194  072.62663489
111  23.07206409  072.62681881
111  23.07249004  072.62712006
111  23.07399726  072.62875432
111  23.07500051  072.62988372
111  23.07526599  072.62950001
112  23.07489186  072.62897475  23.07483587  072.62889241
111  23.07486386  072.62879217
111  23.07498012  072.62862400
111  23.07532610  072.62816900
113  23.07579597  072.62763971
112  23.07602630  072.62460866  23.07602676  072.62460899
111  23.07602630  072.62460866
112  23.07602630  072.62460866  23.07603575  072.62462064
112  23.07601551  072.62463460  23.07600397  072.62464430
111  23.07599715  072.62463175
112  23.07596147  072.62459012  23.07594730  072.62457243
112  23.07597354  072.62455988  23.07598351  072.62455133
111  23.07599190  072.62456388
113  23.07602234  072.62460437
112  23.07629448  072.62486669  23.07630910  072.62488381
112  23.07628436  072.62493394  23.07626861  072.62494861
111  23.07623262  072.62492171
112  23.07612801  072.62480678  23.07609989  072.62477377
112  23.07614376  072.62473220  23.07616175  072.62471386
111  23.07618875  072.62474687
113  23.07628211  072.62485202
112  23.07649653  072.62508251  23.07650328  072.62508863
111  23.07649653  072.62508251
112  23.07649653  072.62508251  23.07650778  072.62509596
112  23.07646995  072.62513445  23.07645758  072.62515401
111  23.07643058  072.62513567
112  23.07632935  072.62503052  23.07630123  072.62500363
112  23.07631698  072.62495350  23.07633497  072.62492660
111  23.07637209  072.62495350
113  23.07648345  072.62506842
112  23.07684958  072.62554975  23.07681617  072.62558740
111  23.07684958  072.62554975
112  23.07684958  072.62554975  23.07682978  072.62557261
111  23.07681370  072.62554706
112  23.07669739  072.62542064  23.07666151  072.62537895
112  23.07670853  072.62534936  23.07672214  072.62533187
111  23.07675555  072.62536550
113  23.07686071  072.62548116
111  23.07670234  072.62531574
112  23.07664914  072.62535205  23.07662439  072.62536415
111  23.07661573  072.62534129
112  23.07650438  072.62520545  23.07647963  072.62517856
111  23.07650067  072.62516376
111  23.07653902  072.62513417
111  23.07655263  072.62514628
113  23.07667636  072.62528346
111  23.07691639  072.62554571
111  23.07705249  072.62568693
112  23.07709704  072.62574207  23.07709704  072.62574476
112  23.07705373  072.62579048  23.07702651  072.62577704
113  23.07687556  072.62560085
112  23.07500927  072.62755110  23.07508002  072.62763898
111  23.07503286  072.62775250
111  23.07478692  072.62809305
112  23.07449382  072.62836037  23.07437928  072.62846657
111  23.07430179  072.62838234
111  23.07374929  072.62789531
111  23.07250578  072.62660952
112  23.07218726  072.62615012  23.07205250  072.62597036
111  23.07215051  072.62576396
111  23.07231283  072.62550431
112  23.07258046  072.62527259  23.07271016  072.62515175
111  23.07281763  072.62522425
111  23.07341798  072.62574790
113  23.07484326  072.62733045
110 2 0.00 360.0000 New Taxiway 24
111  23.07182807  072.62102249
111  23.07289434  072.61973575
111  23.07285488  072.61969524
111  23.07264365  072.61948370
111  23.07278506  072.61929836
111  23.07207088  072.61858848
111  23.07098643  072.62038497
112  23.07080401  072.62036388  23.07080013  072.62036388
111  23.07024970  072.62099207
111  23.07055949  072.62136791
111  23.07074579  072.62134260
111  23.07117555  072.62186187
113  23.07184398  072.62114357
110 2 0.00 360.0000 New Taxiway 3
111  23.07799873  072.63493653
111  23.07806938  072.63485973
111  23.07763908  072.63435783
111  23.07729622  072.63315885
111  23.07713809  072.63253262
111  23.07689611  072.63157433
111  23.07699498  072.63145237
111  23.07748887  072.63091873
112  23.07753710  072.63090825  23.07756121  072.63093707
111  23.07779026  072.63119130
111  23.07833295  072.63071376
111  23.07763004  072.62993287
111  23.07753701  072.62993287
111  23.07746465  072.62999466
111  23.07753184  072.63006770
111  23.07735174  072.63026259
112  23.07729921  072.63025865  23.07726117  072.63022124
111  23.07710719  072.63009128
111  23.07705828  072.63000070
112  23.07705828  072.62993572  23.07707821  072.62990422
112  23.07729038  072.62965418  23.07729255  072.62965133
111  23.07729038  072.62965418
112  23.07729038  072.62965418  23.07729073  072.62965463
111  23.07705109  072.62940318
111  23.07697204  072.62942108
111  23.07675795  072.62967348
111  23.07700003  072.63000106
112  23.07706097  072.63011742  23.07706920  072.63013711
111  23.07725364  072.63029642
112  23.07727000  072.63041858  23.07722659  072.63049507
111  23.07718734  072.63052996
111  23.07743198  072.63077054
112  23.07741941  072.63089421  23.07737159  072.63094186
111  23.07729786  072.63101767
111  23.07691072  072.63144669
112  23.07686045  072.63142984  23.07685023  072.63137538
111  23.07682671  072.63125200
112  23.07676740  072.63113752  23.07673161  072.63109417
111  23.07526599  072.62950001
111  23.07500051  072.62988372
111  23.07631291  072.63128293
112  23.07642623  072.63147949  23.07646240  072.63158694
111  23.07652750  072.63184378
111  23.07590071  072.63254624
111  23.07594893  072.63260580
111  23.07656925  072.63191486
111  23.07669633  072.63237148
111  23.07673430  072.63264770
111  23.07678812  072.63303914
112  23.07664338  072.63319262  23.07647393  072.63305065
111  23.07615622  072.63280891
113  23.07608711  072.63289132
110 2 0.00 360.0000 New Taxiway 21
111  23.07403935  072.61952656
111  23.07401659  072.61963809
111  23.07379437  072.61939655
111  23.07370878  072.61940908
111  23.07327228  072.61991771
111  23.07359457  072.62026409
111  23.07406571  072.61972090
113  23.07408562  072.61964808
110 2 0.00 360.0000 New Taxiway 2
111  23.06386455  072.62469921
112  23.06406898  072.62497433  23.06409713  072.62504356
111  23.06399936  072.62517559
111  23.06387640  072.62529957
111  23.06357044  072.62562534
111  23.06362421  072.62580776
111  23.06376762  072.62611948
112  23.06396526  072.62644721  23.06400926  072.62651983
112  23.06412333  072.62668100  23.06415592  072.62672705
111  23.06443315  072.62699132
112  23.06465477  072.62717552  23.06470692  072.62721094
111  23.06480170  072.62724860
112  23.06542727  072.62752222  23.06552407  072.62756313
111  23.06548105  072.62769951
112  23.06540576  072.62803656  23.06539951  072.62812836
111  23.06540576  072.62803656
112  23.06540576  072.62803656  23.06538963  072.62812423
111  23.06547747  072.62824308
111  23.06960654  072.63190672
111  23.06967478  072.63188960
111  23.06971414  072.63192098
112  23.07028129  072.63234237  23.07034944  072.63239068
111  23.07043536  072.63238424
111  23.07181250  072.63243415
112  23.07207323  072.63244381  23.07216656  072.63245669
111  23.07222730  072.63251305
112  23.07662485  072.63558367  23.07671995  072.63565576
112  23.07665304  072.63591373  23.07664870  072.63599861
111  23.07674414  072.63607876
111  23.07765635  072.63672475
111  23.07767510  072.63669683
112  23.07675268  072.63605144  23.07665014  072.63598500
112  23.07671324  072.63575733  23.07674282  072.63560945
111  23.07671324  072.63575733
112  23.07671324  072.63575733  23.07674282  072.63561445
111  23.07691863  072.63544316
111  23.07733731  072.63498691
111  23.07727059  072.63491712
111  23.07696294  072.63529080
112  23.07680914  072.63547941  23.07675892  072.63554071
111  23.07680914  072.63547941
112  23.07680914  072.63547941  23.07675984  072.63554371
111  23.07664628  072.63552150
111  23.07284287  072.63287196
112  23.07090803  072.63153594  23.07087381  072.63151291
111  23.07090477  072.63147217
111  23.07113107  072.63125246
111  23.07081034  072.63089695
111  23.07044653  072.63120069
112  23.06796597  072.62946402  23.06792523  072.62943214
111  23.06797249  072.62936661
111  23.06806212  072.62926388
111  23.06811426  072.62931524
111  23.06815337  072.62926919
112  23.06824789  072.62920543  23.06831633  072.62919835
112  23.06838601  072.62907319  23.06840500  072.62899916
111  23.06838601  072.62907319
112  23.06838601  072.62907319  23.06839488  072.62902886
112  23.06832245  072.62892478  23.06827918  072.62890017
111  23.06832245  072.62892478
112  23.06832245  072.62892478  23.06828120  072.62890457
112  23.06817130  072.62892735  23.06807538  072.62896106
111  23.06817130  072.62892735
112  23.06817130  072.62892735  23.06807841  072.62896986
111  23.06809041  072.62907082
111  23.06798286  072.62918772
111  23.06803011  072.62923731
112  23.06794538  072.62933295  23.06787857  072.62940912
111  23.06794538  072.62933295
112  23.06794538  072.62933295  23.06788958  072.62940379
111  23.06785397  072.62937901
112  23.06650790  072.62846168  23.06647693  072.62844220
112  23.06633842  072.62834124  23.06633516  072.62833947
112  23.06612169  072.62813402  23.06604999  072.62805785
111  23.06591807  072.62789086
111  23.06589600  072.62790576
112  23.06617221  072.62821372  23.06627976  072.62831999
111  23.06639057  072.62842271
111  23.06678724  072.62869073
111  23.06743936  072.62914637
112  23.07193946  072.63232194  23.07205473  072.63240130
111  23.07187798  072.63240965
112  23.07044565  072.63236370  23.07033422  072.63236370
111  23.07024200  072.63227599
112  23.06979244  072.63191265  23.06972712  072.63186253
111  23.06956958  072.63177900
111  23.06811566  072.63052677
111  23.06555224  072.62828170
112  23.06546042  072.62816326  23.06542124  072.62810072
112  23.06542981  072.62802168  23.06542858  072.62796446
111  23.06542981  072.62802168
112  23.06542981  072.62802168  23.06543299  072.62797331
111  23.06543838  072.62796046
112  23.06552286  072.62766239  23.06554122  072.62758654
111  23.06552286  072.62766239
112  23.06552286  072.62766239  23.06553989  072.62759783
111  23.06558907  072.62758845
112  23.06569091  072.62764509  23.06575580  072.62768634
111  23.06569091  072.62764509
112  23.06569091  072.62764509  23.06573831  072.62767560
111  23.06575702  072.62770630
111  23.06589600  072.62790576
111  23.06591807  072.62789086
112  23.06572416  072.62760058  23.06562499  072.62744888
112  23.06552392  072.62702366  23.06549281  072.62691417
111  23.06545507  072.62660862
112  23.06543433  072.62632685  23.06543285  072.62627050
112  23.06543877  072.62606440  23.06544322  072.62597584
111  23.06548148  072.62583031
111  23.06543965  072.62587774
112  23.06541507  072.62622863  23.06541507  072.62638642
112  23.06545477  072.62676101  23.06548710  072.62704205
112  23.06562482  072.62743629  23.06565741  072.62751519
111  23.06570185  072.62759731
111  23.06549889  072.62751519
112  23.06465376  072.62713877  23.06464958  072.62713695
112  23.06415923  072.62667172  23.06397894  072.62648477
112  23.06363357  072.62576756  23.06360018  072.62568178
111  23.06368112  072.62554541
111  23.06407783  072.62511942
111  23.06415339  072.62500993
111  23.06406073  072.62487717
111  23.06399878  072.62479227
113  23.06389126  072.62467079
110 1 0.00 360.0000 New Taxiway 1
111  23.06779213  072.62309284
111  23.06993677  072.62074541
111  23.06979116  072.62058321
111  23.06850543  072.62199564
113  23.06763854  072.62292177
110 2 0.00 360.0000 New Taxiway 23
111  23.07428391  072.61822077
111  23.07416175  072.61810330
111  23.07395031  072.61807266
111  23.07385634  072.61798584
111  23.07278976  072.61911961
111  23.07285084  072.61919111
111  23.07278506  072.61929836
111  23.07264365  072.61948370
111  23.07285488  072.61969524
111  23.07298405  072.61959412
111  23.07327558  072.61930107
111  23.07354885  072.61927331
111  23.07356573  072.61908199
111  23.07365494  072.61901647
111  23.07380722  072.61909222
111  23.07400985  072.61885258
111  23.07401313  072.61857486
113  23.07408670  072.61843957
110 1 0.00 360.0000 New Taxiway 19
111  23.06741179  072.62424511
111  23.06734101  072.62431787
111  23.07727059  072.63491712
111  23.07733731  072.63498691
111  23.08285092  072.64087380
112  23.08287023  072.64102341  23.08287748  072.64109953
112  23.08292818  072.64132526  23.08302477  072.64144862
112  23.08320828  072.64154574  23.08332419  072.64154836
111  23.08341594  072.64149062
111  23.08334833  072.64142238
113  23.08344009  072.64135151
110 1 0.00 360.0000 New Taxiway 18
111  23.06601286  072.62290093
111  23.06656348  072.62349318
111  23.06663007  072.62341830
113  23.06609030  072.62283675
110 1 0.00 360.0000 New Taxiway 5
111  23.06542487  072.62213236
111  23.06537952  072.62218176
111  23.06566606  072.62249455
111  23.06573278  072.62256737
113  23.06579946  072.62253198
110 1 0.00 360.0000 New Taxiway 3
112  23.06681289  072.62285639  23.06678248  072.62281416
112  23.06686207  072.62266445  23.06689248  072.62257814
112  23.06684348  072.62236146  23.06681983  072.62227515
111  23.06671001  072.62213009
111  23.06664412  072.62220170
112  23.06642280  072.62209520  23.06627413  072.62207500
113  23.06615372  072.62218167
110 2 0.00 360.0000 New Taxiway 20
111  23.06656348  072.62349318
111  23.06662409  072.62366568
112  23.06659842  072.62388885  23.06653853  072.62399578
111  23.06552044  072.62515347
112  23.06506863  072.62516741  23.06482052  072.62497214
111  23.06471358  072.62485126
111  23.06430292  072.62528364
111  23.06401863  072.62561252
111  23.06488730  072.62650138
111  23.06543965  072.62587774
111  23.06548148  072.62583031
111  23.06657392  072.62459648
111  23.06695807  072.62428394
112  23.06734101  072.62431787  23.06750564  072.62445386
111  23.06741179  072.62424511
113  23.06663007  072.62341830
110 1 0.00 360.0000 New Taxiway 1
111  23.06606967  072.62209564
111  23.06576122  072.62177357
111  23.06571944  072.62182034
111  23.06751947  072.62374373
112  23.06759001  072.62331910  23.06774741  072.62314665
111  23.06779213  072.62309284
111  23.06763854  072.62292177
111  23.06740626  072.62317700
112  23.06730905  072.62325150  23.06726970  072.62326668
112  23.06718719  072.62327082  23.06712753  072.62326116
111  23.06704364  072.62322654
111  23.06710792  072.62315838
111  23.06681289  072.62285639
113  23.06615372  072.62218167
110 2 0.00 360.0000 New Taxiway 4
111  23.06671001  072.62213009
111  23.06667960  072.62208418
111  23.06676574  072.62199932
111  23.06707116  072.62169838
112  23.06728934  072.62168321  23.06739571  072.62178268
111  23.06758448  072.62198700
111  23.06785162  072.62233113
112  23.06782194  072.62249782  23.06776258  072.62256503
111  23.06759685  072.62275323
112  23.06750285  072.62289303  23.06741380  072.62296562
111  23.06721097  072.62313500
112  23.06710792  072.62315838  23.06704608  072.62311537
111  23.06704364  072.62322654
112  23.06718719  072.62327082  23.06722182  072.62327082
112  23.06730905  072.62325150  23.06736846  072.62320796
111  23.06730905  072.62325150
112  23.06730905  072.62325150  23.06734482  072.62325422
111  23.06740626  072.62317700
111  23.06763854  072.62292177
111  23.06850543  072.62199564
111  23.06839842  072.62185866
112  23.06819789  072.62184890  23.06806919  072.62173179
111  23.06788961  072.62158865
111  23.06766136  072.62130977
112  23.06768309  072.62102793  23.06781708  072.62087048
111  23.06804524  072.62056739
111  23.06770482  072.62028004
111  23.06645580  072.62166690
111  23.06606967  072.62209564
111  23.06615372  072.62218167
111  23.06642280  072.62209520
113  23.06664412  072.62220170
110 2 0.00 360.0000 New Taxiway 6
111  23.06566606  072.62249455
111  23.06569994  072.62256984
112  23.06565551  072.62267607  23.06559966  072.62271884
111  23.06499260  072.62315276
111  23.06482395  072.62332385
111  23.06459458  072.62356092
112  23.06440119  072.62359025  23.06425503  072.62350471
111  23.06346864  072.62301101
111  23.06325951  072.62287659
111  23.06268313  072.62341916
111  23.06228320  072.62301345
112  23.06224722  072.62276661  23.06228994  072.62258331
111  23.06270888  072.62065309
111  23.06255068  072.62062304
111  23.06259369  072.62068814
111  23.06213706  072.62296431
111  23.06244731  072.62328983
111  23.06176867  072.62402741
111  23.06196752  072.62423545
112  23.06199561  072.62440743  23.06190776  072.62449557
111  23.06151073  072.62492964
111  23.06142288  072.62492964
111  23.06137577  072.62499574
111  23.06147376  072.62511399
111  23.06150248  072.62509196
111  23.06167000  072.62528724
112  23.06166885  072.62537253  23.06162385  072.62542395
111  23.06116343  072.62589676
111  23.06107718  072.62601144
111  23.06205718  072.62706789
111  23.06398210  072.62498964
111  23.06378690  072.62478181
111  23.06386455  072.62469921
111  23.06389126  072.62467079
111  23.06423199  072.62430833
111  23.06466408  072.62384867
112  23.06513603  072.62330547  23.06513603  072.62330941
111  23.06580406  072.62286329
112  23.06596339  072.62285254  23.06600544  072.62288749
111  23.06601286  072.62290093
111  23.06609030  072.62283675
113  23.06579946  072.62253198
111  23.06424003  072.62377662
112  23.06424003  072.62377662  23.06431970  072.62382424
111  23.06425198  072.62394981
111  23.06407490  072.62413775
111  23.06374206  072.62449103
111  23.06283776  072.62359044
112  23.06316841  072.62329168  23.06332776  072.62316179
111  23.06316841  072.62329168
112  23.06316841  072.62329168  23.06328832  072.62314274
111  23.06341540  072.62324839
113  23.06424003  072.62377662
111  23.06230062  072.62504643
111  23.06195015  072.62466869
112  23.06206113  072.62454490  23.06206697  072.62454172
113  23.06241160  072.62491629
111  23.06232398  072.62507817
111  23.06244081  072.62494803
111  23.06281756  072.62536703
113  23.06269198  072.62550352
110 2 0.00 360.0000 New Taxiway 5
111  23.07111057  072.62505246
111  23.06920333  072.62303956
111  23.06881104  072.62252049
112  23.06878289  072.62227410  23.06886619  072.62217404
111  23.06886399  072.62217166
111  23.06892537  072.62217404
111  23.06898779  072.62223832
111  23.06901366  072.62221265
111  23.06894055  072.62213929
112  23.06894280  072.62206349  23.06897429  072.62202315
111  23.06910605  072.62181747
111  23.06903553  072.62175292
111  23.06994474  072.62075264
111  23.06993677  072.62074541
111  23.06779213  072.62309284
111  23.06759001  072.62331910
111  23.06746600  072.62345348
111  23.06748729  072.62370008
111  23.06751947  072.62374373
111  23.06757629  072.62367344
112  23.06762556  072.62351582  23.06769156  072.62342994
111  23.06794415  072.62310485
111  23.06821315  072.62289259
112  23.06839648  072.62287093  23.06847419  072.62295107
113  23.07073801  072.62528882
110 1 0.00 360.0000 New Taxiway 18
111  23.07769663  072.61868155
112  23.07633404  072.61930834  23.07615891  072.61938263
111  23.07633404  072.61930834
112  23.07633404  072.61930834  23.07620162  072.61937798
111  23.07606494  072.61949406
111  23.07572444  072.61982135
111  23.07578014  072.61987901
112  23.07603931  072.61962406  23.07611192  072.61959156
111  23.07639811  072.61937798
111  23.07695983  072.61915048
111  23.07723320  072.61904834
113  23.07772869  072.61877905
110 1 0.00 360.0000 New Taxiway 20
111  23.07750934  072.61940655
111  23.07756459  072.61946152
111  23.07757047  072.62573188
111  23.07772237  072.62572664
111  23.07761869  072.62559559
111  23.07765132  072.62301193
111  23.07765738  072.61945382
113  23.07750150  072.61923829
110 1 0.00 360.0000 New Taxiway 19
111  23.07732927  072.61922661
112  23.07738550  072.61913274  23.07741618  072.61913036
111  23.07744801  072.61925197
111  23.07748035  072.62633365
111  23.07754906  072.62639943
111  23.07750934  072.61940655
111  23.07750150  072.61923829
111  23.07749127  072.61905337
113  23.07734789  072.61911478
110 2 0.00 360.0000 New Taxiway 1
111  23.07429791  072.61557224
111  23.07315248  072.61430576
111  23.07067426  072.61700846
111  23.07059526  072.61702277
111  23.07040435  072.61682600
111  23.07049322  072.61667574
111  23.07026940  072.61641816
111  23.06944157  072.61740199
111  23.06956335  072.61752363
111  23.06965551  072.61741987
111  23.06996162  072.61769177
112  23.06996820  072.61778381  23.06992212  072.61786251
111  23.06978388  072.61796984
111  23.06910206  072.61873900
111  23.06872166  072.61915401
111  23.06858317  072.61902500
111  23.06879585  072.61879115
111  23.06879585  072.61876696
111  23.06898379  072.61861375
111  23.06893186  072.61856806
111  23.06876370  072.61872664
111  23.06849909  072.61840410
111  23.06844469  072.61849280
111  23.06852135  072.61856000
111  23.06842985  072.61868901
111  23.06843974  072.61881803
111  23.06853124  072.61890673
111  23.06805643  072.61942549
111  23.06798719  072.61934485
111  23.06777947  072.61957332
111  23.06793032  072.61973459
111  23.06797483  072.61971040
111  23.06812320  072.61980985
111  23.06804654  072.61989855
111  23.06770482  072.62028004
111  23.06804524  072.62056739
111  23.06827973  072.62035441
112  23.06845497  072.62035441  23.06854259  072.62042584
111  23.06876164  072.62062106
111  23.06891935  072.62084962
112  23.06900768  072.62118605  23.06889118  072.62133711
111  23.06839842  072.62185866
111  23.06850543  072.62199564
111  23.06979116  072.62058321
113  23.06994474  072.62075264
111  23.06836640  072.61954585
111  23.06810955  072.61955647
111  23.06856602  072.61904516
113  23.06870561  072.61916654
112  23.07016803  072.61751324  23.07017732  072.61752939
111  23.07016803  072.61751324
112  23.07016803  072.61751324  23.07019751  072.61755133
112  23.07011601  072.61765056  23.07008442  072.61769499
111  23.07002868  072.61766066
112  23.06986518  072.61749506  23.06981316  072.61743650
112  23.06992092  072.61734562  23.06996366  072.61730119
111  23.07002497  072.61734966
113  23.07015131  072.61748698
112  23.07054235  072.61710259  23.07056142  072.61712331
111  23.07052206  072.61718185
112  23.07032158  072.61740627  23.07026473  072.61746481
111  23.07021685  072.61742578
112  23.07008519  072.61727942  23.07003432  072.61722088
111  23.07007322  072.61718836
112  23.07024378  072.61698671  23.07032158  072.61690215
111  23.07037544  072.61692817
113  23.07052206  072.61707778
110 1 0.00 360.0000 New Taxiway 13
111  23.07079657  072.62707944
111  23.06757629  072.62367344
111  23.06751947  072.62374373
113  23.07072276  072.62716608
110 1 0.00 360.0000 New Taxiway 12
111  23.07615622  072.63280891
111  23.07594893  072.63260580
111  23.07590071  072.63254624
111  23.07270033  072.62913375
111  23.07264087  072.62921049
113  23.07608711  072.63289132
110 1 0.00 360.0000 New Taxiway 11
111  23.08352580  072.64082572
111  23.08352332  072.64069131
111  23.08088689  072.63787122
112  23.08083743  072.63768305  23.08086464  072.63758897
112  23.08082012  072.63736854  23.08072862  072.63726639
111  23.08065327  072.63718653
112  23.08047075  072.63716702  23.08034806  072.63718003
112  23.08021042  072.63714100  23.08013262  072.63706944
111  23.07806938  072.63485973
113  23.07799873  072.63493653
110 2 0.00 360.0000 New Taxiway 14
111  23.07871604  072.62575664
111  23.07772237  072.62572664
111  23.07757047  072.62573188
111  23.07759451  072.62636618
113  23.07870727  072.62638047
112  23.07857066  072.62630397  23.07853722  072.62630397
111  23.07853722  072.62627165
111  23.07853722  072.62620905
111  23.07855766  072.62621107
111  23.07855766  072.62611009
111  23.07827153  072.62611413
111  23.07827339  072.62603133
111  23.07862640  072.62603738
113  23.07862454  072.62626156
130 Airport Boundary 17
111  23.09083730  072.64659572
111  23.08628077  072.64156149
111  23.07981294  072.63472602
111  23.08013627  072.63442750
111  23.07952272  072.63371582
111  23.07950793  072.63338618
111  23.07800282  072.63167542
111  23.07893828  072.63072755
111  23.07928733  072.62356298
111  23.07855123  072.61575576
111  23.07407126  072.61123509
111  23.06745796  072.61471253
111  23.06137799  072.61900137
111  23.05988467  072.62375386
111  23.05988467  072.62897002
111  23.07908457  072.64021374
111  23.08665786  072.64751636
111  23.08849135  072.64902382
111  23.08954356  072.64792705
111  23.09111084  072.64958359
111  23.09142149  072.64905292
113  23.08998656  072.64752520
120 Linear Feature 123
112  23.07281609  072.61557389  23.07282878  072.61558873 1
116  23.07289024  072.61585487  23.07278446  072.61597240
120 Linear Feature 119
111  23.07233986  072.61556446 1
115  23.07267450  072.61588819
120 Linear Feature 118
111  23.07337129  072.61592342 1
115  23.07250063  072.61689238
120 Linear Feature 117
112  23.07432101  072.61588216  23.07431802  072.61587566 1
115  23.07425523  072.61568393
120 Linear Feature 116
111  23.07415359  072.61593090 1
115  23.07377688  072.61587566
120 Linear Feature 115
111  23.07380098  072.61544976 1
115  23.07423730  072.61591790
120 Linear Feature 114
111  23.07380098  072.61544976 1
115  23.07307514  072.61467061
120 Linear Feature 113
112  23.07352000  072.61515548  23.07351402  072.61516198 1
116  23.07313367  072.61559453  23.07313068  072.61559453
120 Linear Feature 112
111  23.07261138  072.61611385 1
115  23.07340028  072.61697165
120 Linear Feature 122
111  23.07313367  072.61559453 1
112  23.07281609  072.61557389  23.07265273  072.61542296 1
115  23.07254042  072.61529645
120 Linear Feature 121
111  23.07313367  072.61559453 1
112  23.07305705  072.61534028  23.07294474  072.61522930 1
115  23.07275483  072.61505452
120 Linear Feature 120
111  23.07267450  072.61588819 1
116  23.07261138  072.61611385  23.07245210  072.61626478
120 Linear Feature 111
111  23.07380098  072.61544976 1
111  23.07337129  072.61592342 1
112  23.07335829  072.61571559  23.07333602  072.61566111 1
112  23.07313367  072.61559453  23.07306313  072.61566717 1
115  23.07248989  072.61628673
120 Linear Feature 110
111  23.07352000  072.61515548 1
116  23.07380098  072.61544976  23.07382140  072.61578047
120 Linear Feature 126
111  23.07227791  072.61864743 1
115  23.07221958  072.61870806
120 Linear Feature 125
111  23.07350894  072.61736575 1
115  23.07344618  072.61742639
120 Linear Feature 124
111  23.07192145  072.61596730 1
115  23.07237361  072.61643729
120 Linear Feature 109
111  23.07213135  072.61574070 1
111  23.07247641  072.61611583 1
112  23.07248989  072.61628673  23.07243373  072.61635998 1
115  23.07223038  072.61660071
120 Linear Feature 108
111  23.07208601  072.61644488 1
111  23.07223038  072.61660071 1
111  23.07250063  072.61689238 1
115  23.07292177  072.61734692
120 Linear Feature 107
111  23.07258307  072.61712662 1
115  23.07187325  072.61638588
120 Linear Feature 106
111  23.07235118  072.61790795 1
112  23.07250154  072.61784448  23.07262113  072.61772041 1
116  23.07258307  072.61712662  23.07242815  072.61689324
120 Linear Feature 105
111  23.07169856  072.61825237 1
115  23.07225149  072.61763474
120 Linear Feature 104
111  23.07098915  072.61699687 1
112  23.07095267  072.61732415  23.07101261  072.61745695 1
115  23.07117847  072.61769659
120 Linear Feature 103
112  23.07007285  072.61841671  23.07006728  072.61841873 1
116  23.06971641  072.61841430  23.06954006  072.61858783
120 Linear Feature 102
111  23.07069586  072.61934645 1
115  23.06996780  072.61855579
120 Linear Feature 101
111  23.06958943  072.61855855 1
112  23.06987268  072.61851948  23.06998406  072.61862844 1
115  23.07077434  072.61950415
120 Linear Feature 100
111  23.07098915  072.61699687 1
111  23.07003493  072.61805957 1
111  23.06971641  072.61841430 1
115  23.06958943  072.61855855
120 Linear Feature 99
111  23.07128060  072.61668816 1
111  23.07152615  072.61641957 1
111  23.07187325  072.61638588 1
111  23.07229482  072.61592065 1
115  23.07332735  072.61478330
120 Linear Feature 98
111  23.07128060  072.61668816 1
115  23.07098915  072.61699687
120 Linear Feature 97
111  23.07241919  072.61789667 1
115  23.07128060  072.61668816
120 Linear Feature 96
111  23.07098915  072.61699687 1
112  23.07130396  072.61690767  23.07146505  072.61695436 1
112  23.07163228  072.61713779  23.07169058  072.61721283 1
111  23.07201773  072.61755468 1
115  23.07235118  072.61790795
120 Linear Feature 95
111  23.07176759  072.61740093 1
111  23.07141319  072.61702406 1
116  23.07098915  072.61699687  23.07083573  072.61713528
120 Linear Feature 94
111  23.07012072  072.61815265 1
115  23.07065843  072.61873144
120 Linear Feature 93
111  23.07038546  072.61816549 1
116  23.07003493  072.61805957  23.06983984  072.61814578
120 Linear Feature 82
111  23.06883136  072.62018594 2
115  23.06866370  072.62036020
120 Linear Feature 81
112  23.06877529  072.62029678  23.06877360  072.62029128 1
116  23.06864050  072.61959724  23.06888521  072.61928541
120 Linear Feature 78
111  23.06927436  072.61888439 1
111  23.06958943  072.61855855 1
115  23.07012370  072.61913157
120 Linear Feature 77
111  23.06972594  072.61888469 1
116  23.06927436  072.61888439  23.06899665  072.61909080
120 Linear Feature 76
111  23.07007112  072.62044198 1
111  23.06899911  072.61937033 1
116  23.06883012  072.61938399  23.06874436  072.61946611
120 Linear Feature 75
111  23.06900504  072.61919080 1
112  23.06916987  072.61921461  23.06924249  072.61929604 1
115  23.07020307  072.62028835
120 Linear Feature 74
111  23.06927436  072.61888439 1
111  23.06900176  072.61919096 1
111  23.06883012  072.61938399 1
115  23.06864050  072.61959724
120 Linear Feature 73
111  23.06972942  072.62051663 1
111  23.06939361  072.62013832 1
111  23.06922946  072.61995339 1
111  23.06915507  072.61986703 1
111  23.06885695  072.61955951 1
112  23.06864050  072.61959724  23.06850777  072.61971043 1
115  23.06808993  072.62026230
120 Linear Feature 72
111  23.06973830  072.62079992 1
116  23.06972942  072.62051663  23.06962164  072.62039260
120 Linear Feature 71
111  23.07005429  072.61988664 1
111  23.07020969  072.62006703 1
116  23.07023203  072.62025736  23.07017564  072.62032617
120 Linear Feature 70
111  23.07005429  072.61988664 1
111  23.06985025  072.61966652 1
116  23.06964736  072.61962802  23.06955556  072.61971462
120 Linear Feature 69
111  23.07132322  072.61905764 1
115  23.07101955  072.61937370
120 Linear Feature 89
111  23.07130124  072.61869133 1
112  23.07142944  072.61870228  23.07151045  072.61869678 1
116  23.07161339  072.61874081  23.07170959  072.61884353
120 Linear Feature 68
111  23.07150487  072.61846383 1
111  23.07130124  072.61869133 1
115  23.07125740  072.61874031
120 Linear Feature 67
111  23.07124728  072.61845049 1
116  23.07150487  072.61846383  23.07162300  072.61835711
120 Linear Feature 66
111  23.07110214  072.61836611 1
111  23.07125571  072.61853670 1
116  23.07125740  072.61874031  23.07120003  072.61880084
120 Linear Feature 62
111  23.07101955  072.61937370 1
112  23.07099392  072.61927937  23.07095679  072.61924305 1
115  23.07073217  072.61899285
120 Linear Feature 60
111  23.07072007  072.61909964 1
115  23.07007285  072.61841671
120 Linear Feature 59
111  23.07098609  072.61881577 1
115  23.07038571  072.61816191
120 Linear Feature 58
111  23.07090449  072.61912720 1
111  23.07099497  072.61903214 1
116  23.07098609  072.61881577  23.07090495  072.61870000
120 Linear Feature 61
111  23.07069148  072.61876702 1
112  23.07074146  072.61894241  23.07072846  072.61901706 1
115  23.07060913  072.61944233
120 Linear Feature 57
111  23.07065843  072.61873144 1
111  23.07069148  072.61876702 1
111  23.07096422  072.61906071 1
116  23.07101955  072.61937370  23.07092065  072.61948119
120 Linear Feature 46
111  23.07043309  072.61963551 1
116  23.07041659  072.61943324  23.07034407  072.61935441
120 Linear Feature 45
111  23.07043309  072.61963551 1
115  23.06972594  072.61888469
120 Linear Feature 56
112  23.07090449  072.61912720  23.07089988  072.61912595 1
115  23.07069586  072.61934645
120 Linear Feature 55
111  23.07072007  072.61909964 1
116  23.07090449  072.61912720  23.07099210  072.61906581
120 Linear Feature 54
111  23.07069586  072.61934645 1
116  23.07072007  072.61909964  23.07061633  072.61898437
120 Linear Feature 53
111  23.07075016  072.61969026 1
111  23.07101955  072.61937370 1
113  23.07078595  072.61937370 1
120 Linear Feature 50
111  23.07150458  072.61781331 20
111  23.07039070  072.61901815 20
111  23.07044532  072.61908542 20
115  23.07014753  072.61938257
120 Linear Feature 49
111  23.07009023  072.61933622 20
111  23.07034266  072.61906610 20
111  23.07030126  072.61901467 20
111  23.07114815  072.61808671 20
115  23.07145075  072.61775883
120 Linear Feature 48
111  23.07041659  072.61943324 1
115  23.07012370  072.61913157
120 Linear Feature 47
111  23.07059038  072.61946306 1
116  23.07041659  072.61943324  23.07034964  072.61936047
120 Linear Feature 44
111  23.07043309  072.61963551 1
111  23.07059038  072.61946306 1
111  23.07060913  072.61944233 1
111  23.07069586  072.61934645 1
112  23.07075016  072.61969026  23.07062129  072.61983367 1
115  23.07043542  072.62002777
120 Linear Feature 43
111  23.07036951  072.62010068 1
112  23.07036842  072.61989873  23.07033799  072.61977057 1
112  23.07038871  072.61970028  23.07041407  072.61965343 1
111  23.07043309  072.61963551 1
112  23.07050536  072.61985739  23.07048507  072.61995524 1
115  23.07043542  072.62002777
120 Linear Feature 33
111  23.06779643  072.62208828 2
115  23.06802125  072.62184932
120 Linear Feature 31
111  23.07713809  072.63253262 4
115  23.07673430  072.63264770
120 Linear Feature 29
111  23.06740981  072.62096247 1
111  23.06808993  072.62026230 1
112  23.06877529  072.62029678  23.06914285  072.62068519 1
111  23.06931206  072.62095018 1
116  23.06931837  072.62126402  23.06919380  072.62144379
120 Linear Feature 25
111  23.06883489  072.62056282 1
111  23.06909830  072.62090906 1
112  23.06908023  072.62126427  23.06892808  072.62145971 1
111  23.06880551  072.62163519 1
111  23.06853510  072.62187664 1
112  23.06818179  072.62197629  23.06802251  072.62185422
111  23.06818179  072.62197629
112  23.06818179  072.62197629  23.06810215  072.62191525 1
112  23.06802125  072.62184932  23.06798449  072.62181797 1
111  23.06795513  072.62178985 1
111  23.06757952  072.62136005 1
112  23.06756964  072.62101361  23.06769318  072.62083905 1
112  23.06784884  072.62061347  23.06784884  072.62062958 1
112  23.06820752  072.62030228  23.06821090  072.62030228 1
114  23.06850454  072.62026743  23.06863280  072.62036832 1
120 Linear Feature 24
111  23.06813947  072.62221483 1
116  23.06813730  072.62255813  23.06799891  072.62274522
120 Linear Feature 23
112  23.06845746  072.62219415  23.06845466  072.62219799 1
115  23.06813730  072.62255813
120 Linear Feature 22
112  23.06845585  072.62253593  23.06845585  072.62253056 1
116  23.06845746  072.62219415  23.06857853  072.62203034
120 Linear Feature 28
112  23.06695337  072.62142279  23.06695807  072.62141578 1
115  23.06740981  072.62096247
120 Linear Feature 27
111  23.06740084  072.62142589 1
116  23.06740981  072.62096247  23.06760384  072.62070511
120 Linear Feature 26
111  23.06695337  072.62142279 1
112  23.06740084  072.62142589  23.06763063  072.62168102 1
115  23.06813947  072.62221483
120 Linear Feature 20
111  23.06845585  072.62253593 1
111  23.06813947  072.62221483 1
112  23.06845746  072.62219415  23.06860151  072.62204940 1
111  23.06897658  072.62164174 1
111  23.06931837  072.62126402 1
111  23.06973830  072.62079992 1
111  23.07007112  072.62044198 1
111  23.07020307  072.62028835 1
111  23.07023203  072.62025736 1
111  23.07036951  072.62010068 1
115  23.07043542  072.62002777
120 Linear Feature 39
111  23.07347991  072.61483548 22
111  23.07166850  072.61682015 22
115  23.07259452  072.61783790
120 Linear Feature 38
111  23.07263075  072.61779846 20
111  23.07173234  072.61683139 20
115  23.07351575  072.61487419
120 Linear Feature 42
111  23.06916123  072.61867061 20
115  23.07052063  072.62011618
120 Linear Feature 41
111  23.07054245  072.62009222 20
115  23.06918600  072.61864266
120 Linear Feature 19
111  23.06870480  072.62220939 1
111  23.06876593  072.62212078 1
111  23.06899909  072.62178275 1
111  23.06993594  072.62075136 1
111  23.06999877  072.62068916 1
111  23.07052063  072.62011618 1
111  23.07053052  072.62010532 1
111  23.07054245  072.62009222 1
111  23.07125492  072.61930994 1
111  23.07172076  072.61879309 1
111  23.07249656  072.61794456 1
111  23.07256944  072.61786521 1
111  23.07259452  072.61783790 1
111  23.07263075  072.61779846 1
111  23.07408312  072.61621703 1
116  23.07441869  072.61584939  23.07442249  072.61585077
120 Linear Feature 18
112  23.06709330  072.62156755  23.06709874  072.62157050 1
112  23.06731265  072.62160972  23.06744582  072.62170721 1
111  23.06779643  072.62208828 1
112  23.06790360  072.62254160  23.06773963  072.62274179 1
111  23.06761574  072.62292243 1
116  23.06704364  072.62322654  23.06680990  072.62308179
120 Linear Feature 17
111  23.06690906  072.62338791 1
116  23.06735032  072.62339279  23.06758658  072.62319269
120 Linear Feature 16
112  23.06697939  072.62386347  23.06699842  072.62384870 1
115  23.06735032  072.62339279
120 Linear Feature 15
111  23.06780964  072.62438832 1
111  23.06734760  072.62388317 1
116  23.06697939  072.62386347  23.06680544  072.62401708
120 Linear Feature 14
111  23.07115268  072.62545114 1
111  23.06845585  072.62253593 1
112  23.06813730  072.62255813  23.06801069  072.62269574 1
111  23.06735032  072.62339279 1
112  23.06741011  072.62390385  23.06765472  072.62417267 1
115  23.06781508  072.62434401
120 Linear Feature 13
112  23.07184906  072.62791885  23.07184735  072.62792839 1
112  23.07174381  072.62820521  23.07162422  072.62825544 1
112  23.07140679  072.62820817  23.07128992  072.62808114 1
116  23.07103301  072.62779118  23.07103171  072.62779118
120 Linear Feature 12
111  23.07151981  072.62660254 1
111  23.07184906  072.62791885 1
111  23.07206574  072.62878514 1
112  23.07219025  072.62902516  23.07228131  072.62912037 1
115  23.07254261  072.62939971
120 Linear Feature 11
112  23.07135979  072.62566148  23.07135711  072.62565832 1
111  23.07115419  072.62545310 1
112  23.07130469  072.62579246  23.07137881  072.62605126 1
115  23.07145525  072.62633638
120 Linear Feature 10
111  23.07152200  072.62659903 1
111  23.07145525  072.62633638 1
112  23.07161698  072.62591644  23.07181914  072.62570892 1
115  23.07182020  072.62570697
120 Linear Feature 9
112  23.07190760  072.62623925  23.07188740  072.62622202 1
116  23.07152200  072.62659903  23.07159002  072.62708254
120 Linear Feature 32
112  23.06880480  072.62267358  23.06880271  072.62267472 2
115  23.06858195  072.62291179
120 Linear Feature 37
111  23.07344873  072.61480180 20
111  23.07160121  072.61682429 20
115  23.07256944  072.61786521
120 Linear Feature 36
111  23.07315342  072.61448151 1
111  23.07344873  072.61480180 1
111  23.07347991  072.61483548 1
111  23.07351575  072.61487419 1
115  23.07441869  072.61584939
120 Linear Feature 35
111  23.07315342  072.61448151 1
115  23.06818030  072.61990239
120 Linear Feature 34
112  23.06780549  072.62312103  23.06780594  072.62312151 4
115  23.06761574  072.62292243
120 Linear Feature 8
111  23.06891579  072.62320275 1
111  23.06858195  072.62291179 1
111  23.06843959  072.62278771 1
112  23.06817903  072.62278771  23.06802854  072.62290734 1
111  23.06786890  072.62303673 1
111  23.06780549  072.62312103 1
111  23.06750711  072.62351769 1
116  23.06751834  072.62374474  23.06761941  072.62383507
120 Linear Feature 7
112  23.06891833  072.62320144  23.06891694  072.62319537 1
115  23.07078923  072.62520648
120 Linear Feature 30
111  23.07180405  072.62690741 4
115  23.07148146  072.62699852
120 Linear Feature 6
111  23.07078923  072.62520648 1
111  23.07110451  072.62556984 1
112  23.07118061  072.62573823  23.07121322  072.62585935 1
111  23.07143609  072.62664516 1
111  23.07148146  072.62699852 1
111  23.07152715  072.62735450 1
112  23.07120602  072.62755444  23.07088031  072.62731781 1
115  23.07078095  072.62722426
120 Linear Feature 5
111  23.07264510  072.62921480 1
111  23.07219811  072.62869233 1
111  23.07198515  072.62801446 1
111  23.07185782  072.62755166 1
111  23.07180405  072.62690741 1
112  23.07195094  072.62667827  23.07210393  072.62668510
111  23.07195094  072.62667827
112  23.07195094  072.62667827  23.07205154  072.62667485 1
115  23.07216283  072.62676407
120 Linear Feature 4
111  23.07199432  072.62579056 1
112  23.07200257  072.62606117  23.07208031  072.62618141 1
115  23.07215376  072.62625113
120 Linear Feature 3
111  23.07135979  072.62566148 1
111  23.07181422  072.62613916 1
116  23.07182020  072.62570697  23.07198165  072.62549575
120 Linear Feature 2
111  23.07217299  072.62533977 1
111  23.07182020  072.62570697 1
116  23.07135979  072.62566148  23.07110567  072.62542425
120 Linear Feature 1
111  23.07214909  072.62515425 1
111  23.07182032  072.62545037 1
112  23.07143791  072.62546853  23.07121225  072.62532414
111  23.07143791  072.62546853
112  23.07143791  072.62546853  23.07111704  072.62530823 1
111  23.06926114  072.62325671 1
111  23.06880480  072.62267358 1
111  23.06869938  072.62253886 1
116  23.06870480  072.62220939  23.06885349  072.62204527
120 Linear Feature 29
111  23.07574140  072.62660115 1
111  23.07544493  072.62701128 1
112  23.07542511  072.62732178  23.07551122  072.62745729
111  23.07542511  072.62732178
112  23.07542511  072.62732178  23.07553370  072.62744602 1
115  23.07566672  072.62763686
120 Linear Feature 28
111  23.07540259  072.62675310 1
115  23.07574035  072.62638875
120 Linear Feature 27
111  23.07463291  072.62551992 1
115  23.07484974  072.62529173
120 Linear Feature 23
111  23.07379813  072.62487415 1
116  23.07373246  072.62455020  23.07352971  072.62436228
120 Linear Feature 26
111  23.07443715  072.62473787 1
115  23.07418028  072.62502915
120 Linear Feature 25
111  23.07309954  072.62450176 1
116  23.07303056  072.62422335  23.07314791  072.62410830
120 Linear Feature 24
111  23.07399640  072.62420416 1
115  23.07370302  072.62451850
120 Linear Feature 22
111  23.07373246  072.62455020 1
115  23.07394162  072.62477267
120 Linear Feature 21
112  23.07373246  072.62455020  23.07373560  072.62455703 1
116  23.07372552  072.62479522  23.07364537  072.62488576
120 Linear Feature 20
111  23.07373246  072.62455020 1
111  23.07370302  072.62451850 1
111  23.07340398  072.62419658 1
112  23.07323425  072.62420000  23.07313052  072.62429566 1
115  23.07285983  072.62455695
120 Linear Feature 19
111  23.07344955  072.62547767 1
116  23.07351979  072.62517293  23.07365637  072.62501320
120 Linear Feature 18
111  23.07346086  072.62487970 1
112  23.07351979  072.62517293  23.07343335  072.62528192 1
116  23.07325325  072.62526594  23.07312878  072.62517011
120 Linear Feature 11
111  23.07476538  072.62626298 1
115  23.07501891  072.62653928
120 Linear Feature 17
111  23.07401077  072.62485160 1
111  23.07394162  072.62477267 1
112  23.07372552  072.62479522  23.07364773  072.62487603 1
115  23.07341744  072.62513791
120 Linear Feature 16
111  23.07442061  072.62528087 1
111  23.07418028  072.62502915 1
111  23.07401077  072.62485160 1
112  23.07379813  072.62487415  23.07371861  072.62495871 1
111  23.07351979  072.62517293 1
116  23.07372768  072.62516288  23.07379510  072.62520422
120 Linear Feature 15
111  23.07463291  072.62551992 1
111  23.07442061  072.62528087 1
116  23.07443704  072.62553025  23.07435190  072.62563530
120 Linear Feature 14
111  23.07520704  072.62695399 1
115  23.07540259  072.62675310
120 Linear Feature 13
112  23.07488088  072.62548888  23.07488261  072.62549076 1
115  23.07524739  072.62589478
120 Linear Feature 12
111  23.07490341  072.62547109 1
115  23.07545484  072.62606578
120 Linear Feature 10
111  23.07416353  072.62583402 1
111  23.07443704  072.62553025 1
112  23.07463291  072.62551992  23.07470708  072.62558813 1
111  23.07503638  072.62594270 1
112  23.07504729  072.62619613  23.07495456  072.62631572 1
115  23.07478094  072.62648096
120 Linear Feature 9
111  23.07520704  072.62695399 1
116  23.07483467  072.62695848  23.07469180  072.62683001
120 Linear Feature 6
111  23.07416353  072.62583402 1
116  23.07406628  072.62613701  23.07412749  072.62630865
120 Linear Feature 5
111  23.07346086  072.62487970 1
111  23.07372768  072.62516288 1
111  23.07406153  072.62551721 1
111  23.07414353  072.62560262 1
112  23.07416353  072.62583402  23.07406638  072.62593497 1
116  23.07389324  072.62595201  23.07383301  072.62590581
120 Linear Feature 4
111  23.07337745  072.62540059 1
116  23.07341744  072.62513791  23.07349797  072.62499390
120 Linear Feature 3
111  23.07281615  072.62480466 1
112  23.07285983  072.62455695  23.07296138  072.62446454 1
112  23.07309954  072.62450176  23.07315740  072.62454797 1
111  23.07339277  072.62480965 1
111  23.07346086  072.62487970 1
112  23.07341744  072.62513791  23.07330170  072.62529664 1
115  23.07316612  072.62518088
120 Linear Feature 2
111  23.07214909  072.62515425 1
111  23.07230222  072.62502775 1
111  23.07303056  072.62422335 1
115  23.07339351  072.62382615
120 Linear Feature 1
111  23.07520928  072.62732990 1
111  23.07483467  072.62695848 1
111  23.07450604  072.62660714 1
111  23.07406628  072.62613701 1
111  23.07389324  072.62595201 1
111  23.07344955  072.62547767 1
111  23.07337745  072.62540059 1
111  23.07325325  072.62526594 1
111  23.07316612  072.62518088 1
111  23.07281698  072.62480138 1
112  23.07258421  072.62486130  23.07247089  072.62498114 1
115  23.07216747  072.62534067
120 Linear Feature 17
111  23.07524085  072.62694769 22
115  23.07294611  072.62448198
120 Linear Feature 16
111  23.07290991  072.62448555 20
115  23.07521719  072.62697483
120 Linear Feature 15
111  23.07527007  072.62692789 20
115  23.07295781  072.62445186
120 Linear Feature 14
111  23.07520921  072.62732707 1
116  23.07520704  072.62695399  23.07530484  072.62680466
120 Linear Feature 13
111  23.07421222  072.62868735 1
111  23.07257468  072.62695422 1
111  23.07190760  072.62623925 1
115  23.07181422  072.62613916
120 Linear Feature 12
111  23.07463544  072.62862737 1
111  23.07530671  072.62784882 1
116  23.07520921  072.62732707  23.07498795  072.62705804
120 Linear Feature 11
111  23.07460919  072.62912466 1
115  23.07421543  072.62868443
120 Linear Feature 10
111  23.07463544  072.62862737 1
116  23.07421543  072.62868443  23.07401292  072.62853769
120 Linear Feature 9
111  23.07532670  072.62988258 1
111  23.07460919  072.62912466 1
116  23.07463544  072.62862737  23.07481170  072.62844802
120 Linear Feature 8
111  23.07566672  072.62763686 1
111  23.07483795  072.62865590 1
112  23.07480045  072.62907167  23.07497295  072.62928363 1
115  23.07535395  072.62975062
120 Linear Feature 7
111  23.07215376  072.62625113 1
111  23.07247593  072.62671475 1
111  23.07371493  072.62798976 1
111  23.07425537  072.62847976 1
112  23.07452741  072.62846305  23.07467853  072.62834055 1
112  23.07480660  072.62821248  23.07480147  072.62821805 1
111  23.07512326  072.62782091 1
112  23.07509508  072.62748403  23.07495677  072.62729750 1
111  23.07470319  072.62697454 1
111  23.07417984  072.62642304 1
111  23.07345584  072.62562979 1
111  23.07293457  072.62517734 1
112  23.07256706  072.62514473  23.07238706  072.62530370 1
111  23.07226032  072.62540560 1
115  23.07199432  072.62579056
120 Linear Feature 6
111  23.07330127  072.62787589 1
111  23.07259185  072.62710484 1
115  23.07216283  072.62676407
120 Linear Feature 5
111  23.07525441  072.62994689 1
115  23.07330127  072.62787589
120 Linear Feature 4
111  23.07667257  072.63379366 1
111  23.07682443  072.63395873 1
112  23.07708477  072.63395200  23.07716845  072.63386104 1
116  23.07719895  072.63360435  23.07718966  072.63349991
120 Linear Feature 3
111  23.07532670  072.62988258 1
111  23.07655792  072.63119839 1
112  23.07667837  072.63151685  23.07672028  072.63171174 1
111  23.07707653  072.63311969 1
111  23.07719895  072.63360435 1
111  23.07741066  072.63444243 1
112  23.07750627  072.63472009  23.07754036  072.63476725 1
115  23.07779140  072.63500644
120 Linear Feature 2
111  23.07608155  072.63288693 1
111  23.07650301  072.63322609 1
111  23.07663574  072.63333492 1
112  23.07680339  072.63329949  23.07687790  072.63323874 1
112  23.07687790  072.63304639  23.07686160  072.63287174 1
111  23.07681151  072.63243576 1
111  23.07653196  072.63145747 1
112  23.07637639  072.63119903  23.07623833  072.63102753 1
115  23.07524657  072.62994952
120 Linear Feature 1
111  23.07800457  072.63492648 1
111  23.07760237  072.63446210 1
112  23.07753502  072.63432404  23.07750230  072.63422991 1
111  23.07704376  072.63255554 1
111  23.07672197  072.63127631 1
112  23.07663947  072.63112956  23.07657946  072.63105212 1
115  23.07535395  072.62975062
120 Linear Feature 16
111  23.08083772  072.63755878 1
115  23.08072971  072.63763192
120 Linear Feature 15
111  23.08080939  072.63752606 1
115  23.08077574  072.63769543
120 Linear Feature 14
111  23.08073148  072.63742982 1
115  23.08060045  072.63750296
120 Linear Feature 13
111  23.08069252  072.63740287 1
115  23.08064117  072.63755878
120 Linear Feature 12
111  23.08059336  072.63729124 1
115  23.08044108  072.63733936
120 Linear Feature 11
112  23.08053493  072.63725082  23.08053493  072.63725274 1
115  23.08052076  072.63742212
120 Linear Feature 10
111  23.08294003  072.64080982 1
111  23.08298252  072.64097727 1
112  23.08297721  072.64122749  23.08300377  072.64129294 1
112  23.08311709  072.64140842  23.08317022  072.64142382 1
112  23.08329948  072.64142382  23.08335968  072.64140650 1
115  23.08343051  072.64134683
120 Linear Feature 9
111  23.08348540  072.64099460 1
116  23.08333135  072.64082522  23.08323750  072.64079827
120 Linear Feature 8
111  23.08299315  072.64062696 1
111  23.08307637  072.64090991 1
112  23.08309408  072.64113703  23.08312064  072.64119092 1
112  23.08322865  072.64125829  23.08328000  072.64126984 1
112  23.08336499  072.64125252  23.08340749  072.64123519 1
116  23.08345530  072.64115435  23.08346592  072.64112548
120 Linear Feature 6
111  23.08770212  072.64559972 1
112  23.08784756  072.64596242  23.08786467  072.64610502 1
112  23.08795022  072.64633441  23.08805859  072.64639951 1
112  23.08821543  072.64636232  23.08828672  072.64633131 1
116  23.08821258  072.64613602  23.08810421  072.64603372
120 Linear Feature 5
111  23.08831809  072.64657311 1
111  23.08816410  072.64673741 1
111  23.08773634  072.64626622 1
116  23.08773349  072.64593762  23.08767646  072.64586632
120 Linear Feature 4
111  23.08805571  072.64566500 1
112  23.08822924  072.64567270  23.08826111  072.64566692 1
111  23.08830361  072.64564768 1
111  23.08875155  072.64612052 1
115  23.08859185  072.64628172
120 Linear Feature 32
111  23.06702111  072.62291358 20
115  23.06708131  072.62290995
120 Linear Feature 31
111  23.06706542  072.62288269 20
115  23.06704285  072.62293903
120 Linear Feature 30
111  23.06664412  072.62220170 1
112  23.06660433  072.62202123  23.06667112  072.62193827
111  23.06660433  072.62202123
112  23.06660433  072.62202123  23.06669974  072.62189939 1
111  23.06684524  072.62177495 1
115  23.06709330  072.62156755
120 Linear Feature 29
111  23.06612674  072.62219056 1
115  23.06818030  072.61990239
120 Linear Feature 28
111  23.06676574  072.62199932 4
115  23.06645580  072.62166690
120 Linear Feature 26
111  23.06690906  072.62338791 1
111  23.06626834  072.62271976 1
112  23.06624814  072.62220217  23.06642708  072.62199827 1
115  23.06695337  072.62142279
120 Linear Feature 25
111  23.06664387  072.62220315 1
112  23.06675623  072.62235313  23.06678186  072.62243026 1
112  23.06678186  072.62261880  23.06677003  072.62266808 1
116  23.06672864  072.62290376  23.06675032  072.62294875
120 Linear Feature 24
111  23.06514652  072.62580493 1
112  23.06478778  072.62585669  23.06459094  072.62570831 1
111  23.06458459  072.62562895 1
112  23.06479730  072.62545988  23.06501953  072.62552199 1
115  23.06510207  072.62572212
120 Linear Feature 23
111  23.06653913  072.62434796 1
111  23.06544385  072.62554186 1
112  23.06482868  072.62600506  23.06464772  072.62586704 1
111  23.06450523  072.62571867 1
112  23.06449570  072.62537016  23.06460999  072.62522524 1
112  23.06487667  072.62530115  23.06497191  072.62539087 1
111  23.06514652  072.62557029 1
116  23.06544385  072.62554186  23.06561846  072.62538658
120 Linear Feature 27
111  23.06646377  072.62425023 4
115  23.06662386  072.62443777
120 Linear Feature 22
111  23.06662867  072.62341696 1
111  23.06670823  072.62363646 1
112  23.06671190  072.62387061  23.06667273  072.62394644
111  23.06671190  072.62387061
112  23.06671190  072.62387061  23.06669232  072.62390852 1
112  23.06646377  072.62425023  23.06638868  072.62435646
111  23.06646377  072.62425023
112  23.06646377  072.62425023  23.06642363  072.62429748 1
111  23.06639195  072.62433343 1
112  23.06615428  072.62461742  23.06613119  072.62465193 1
111  23.06555885  072.62524178 1
112  23.06498425  072.62522752  23.06471400  072.62497372 1
115  23.06471407  072.62497486
120 Linear Feature 21
111  23.06471407  072.62497486 1
111  23.06414833  072.62560492 1
111  23.06485725  072.62634886 1
111  23.06640881  072.62463644 1
111  23.06662386  072.62443777 1
111  23.06691417  072.62419624 1
116  23.06708851  072.62412810  23.06714331  072.62413292
120 Linear Feature 18
111  23.06259407  072.62372192 1
112  23.06249411  072.62371189  23.06244312  072.62375322
111  23.06249411  072.62371189
112  23.06249411  072.62371189  23.06242982  072.62377102 1
111  23.06226166  072.62398245 1
112  23.06228144  072.62432469  23.06235512  072.62456124
111  23.06228144  072.62432469
112  23.06228144  072.62432469  23.06234079  072.62446445 1
115  23.06234262  072.62445750
120 Linear Feature 17
111  23.06407490  072.62413775 2
115  23.06423199  072.62430833
120 Linear Feature 15
111  23.06500057  072.62318056 1
115  23.06570022  072.62268215
120 Linear Feature 14
111  23.06500057  072.62318056 1
111  23.06459507  072.62363441 1
111  23.06361437  072.62467115 1
111  23.06242851  072.62336733 1
111  23.06181728  072.62400707 1
115  23.06204940  072.62427118
120 Linear Feature 13
111  23.06377021  072.62486037 1
111  23.06372840  072.62480825 1
111  23.06450540  072.62395862 1
111  23.06507165  072.62330582 1
115  23.06581932  072.62282015
120 Linear Feature 12
111  23.06377021  072.62486037 1
111  23.06317715  072.62549979 1
115  23.06305865  072.62538770
120 Linear Feature 11
111  23.06189043  072.62511626 1
115  23.06263618  072.62593375
120 Linear Feature 10
111  23.06189043  072.62511626 1
111  23.06169953  072.62490162 1
116  23.06169953  072.62483246  23.06172806  072.62479192
120 Linear Feature 9
111  23.06234262  072.62445750 1
112  23.06207256  072.62441034  23.06195187  072.62454866
111  23.06207256  072.62441034
112  23.06207256  072.62441034  23.06192554  072.62457012 1
115  23.06169953  072.62483246
120 Linear Feature 4
111  23.06353750  072.62476689 1
116  23.06360132  072.62485906  23.06359388  072.62488194
120 Linear Feature 6
111  23.06285807  072.62401471 1
115  23.06243580  072.62447211
120 Linear Feature 7
111  23.06313717  072.62432424 1
115  23.06272810  072.62476262
120 Linear Feature 8
111  23.06327608  072.62447830 1
111  23.06301704  072.62473083 1
112  23.06300549  072.62482580  23.06303075  072.62486622
111  23.06300549  072.62482580
112  23.06300549  072.62482580  23.06303075  072.62487357 1
112  23.06313573  072.62485267  23.06319384  072.62480513
111  23.06313573  072.62485267
112  23.06313573  072.62485267  23.06317085  072.62481522 1
116  23.06337820  072.62459157  23.06337820  072.62459336
120 Linear Feature 5
111  23.06353750  072.62476824 1
111  23.06337820  072.62459157 1
111  23.06327608  072.62447830 1
111  23.06313717  072.62432424 1
111  23.06285807  072.62401471 1
115  23.06259407  072.62372192
120 Linear Feature 3
111  23.06361552  072.62478571 1
116  23.06353750  072.62476689  23.06348672  072.62471304
120 Linear Feature 2
111  23.06689628  072.62341773 1
111  23.06623742  072.62271200 1
112  23.06589701  072.62265369  23.06573024  072.62277056 1
111  23.06506275  072.62321692 1
111  23.06448807  072.62383694 1
111  23.06374044  072.62466647 1
111  23.06361552  072.62478571 1
112  23.06360132  072.62485906  23.06359859  072.62488423 1
112  23.06357543  072.62489904  23.06357270  072.62490200 1
111  23.06327160  072.62523371 1
111  23.06321013  072.62529553 1
112  23.06309494  072.62528476  23.06302310  072.62521341 1
115  23.06234262  072.62445750
120 Linear Feature 1
111  23.06689628  072.62341773 1
112  23.06697939  072.62386347  23.06679273  072.62411078 1
115  23.06654059  072.62435246
120 Linear Feature 8
111  23.07414353  072.62560262 1
111  23.07476538  072.62626298 1
112  23.07478094  072.62648096  23.07469968  072.62657492 1
116  23.07450604  072.62660714  23.07439539  072.62652446
120 Linear Feature 16
111  23.06533493  072.62290764 4
116  23.06544779  072.62310065  23.06544791  072.62310079
120 Linear Feature 40
111  23.06917277  072.61865991 22
115  23.07053052  072.62010532
120 Linear Feature 92
111  23.07088012  072.61978040 1
115  23.07059038  072.61946306
120 Linear Feature 91
111  23.07196525  072.61852529 1
115  23.07169856  072.61825237
120 Linear Feature 90
111  23.07161339  072.61874081 1
115  23.07138219  072.61849317
120 Linear Feature 65
112  23.07105658  072.61847434  23.07105995  072.61847800 1
111  23.07129453  072.61872747 1
116  23.07132322  072.61905764  23.07123040  072.61920255
120 Linear Feature 85
111  23.07155072  072.61821144 1
112  23.07166927  072.61868139  23.07151307  072.61886179 1
115  23.07132322  072.61905764
120 Linear Feature 84
111  23.07169856  072.61825237 1
115  23.07150487  072.61846383
120 Linear Feature 83
111  23.07090415  072.61752646 1
111  23.07155072  072.61821144 1
116  23.07169856  072.61825237  23.07176132  072.61819780
120 Linear Feature 64
111  23.07090132  072.61807262 1
111  23.07124728  072.61845049 1
112  23.07125740  072.61874031  23.07116121  072.61885404 1
115  23.07099497  072.61903214
120 Linear Feature 63
111  23.07050536  072.61985739 1
115  23.07060913  072.61944233
120 Linear Feature 80
112  23.06922946  072.61995339  23.06923062  072.61995741 1
116  23.06922173  072.62011281  23.06916456  072.62016386
120 Linear Feature 79
111  23.06939361  072.62013832 1
112  23.06922173  072.62011281  23.06915026  072.62016608 1
115  23.06903183  072.62030146
120 Linear Feature 88
111  23.07129453  072.61872747 1
112  23.07142776  072.61874081  23.07150707  072.61873163 1
112  23.07161339  072.61874081  23.07166065  072.61879400 1
115  23.07171296  072.61885820
120 Linear Feature 87
111  23.07114930  072.61946902 1
115  23.07099392  072.61927937
120 Linear Feature 86
111  23.07098609  072.61881577 1
112  23.07117504  072.61891087  23.07124732  072.61899080 1
115  23.07139059  072.61915205
21  23.08559713  072.64405465 2 225.5300 3.0 New Light Fixture 1
21  23.06888937  072.62490082 2 44.1800 3.0 New Light Fixture 1
14  23.07023669  072.62138960  82.02 0 New Tower Viewpoint 4
18  23.06825068  072.62906086 1 New Airport Beacon 2
19  23.08888716  072.64493078 1 New Windsock 3
19  23.06830360  072.62675089 1 New Windsock 1
50 12680 ATIS
54 11810 TWR
55 11980 RDR
55 12375 RDR
55 11960 APP
55 11810 APP
99
