I
1000 Generated by WorldEditor

1   2485 1 0 VABM BELGAUM
100 45.11 1 0 0.25 0 2 0 08  15.85800000  074.61027800    0  103 1 0 0 0 26  15.86094400  074.62633300    0    0 1 0 0 0
110 5 0.00 0.0000 New Taxiway 29
112  15.85897478  074.61461104  15.85899982  074.61449391
111  15.85926273  074.61444836
112  15.86118447  074.61399935  15.86122829  074.61398633
112  15.86139104  074.61412949  15.86144738  074.61420108
112  15.86159135  074.61422711  15.86165395  074.61423361
112  15.86167899  074.61412299  15.86169151  074.61404490
112  15.86157257  074.61351780  15.86154753  074.61345272
112  15.86127210  074.61351129  15.86115317  074.61353732
112  15.86112187  074.61367397  15.86112813  074.61371302
112  15.86111561  074.61381063  15.86110935  074.61382365
111  15.86090278  074.61387570
112  15.85911999  074.61432054  15.85902170  074.61435818
113  15.85890789  074.61417533
110 1 0.00 0.0000 New Taxiway 25
112  15.85867078  074.61292866  15.85869327  074.61277839
111  15.85875430  074.61279509
112  15.85992877  074.61257942  15.86002417  074.61257208
112  15.86011958  074.61275574  15.86014431  074.61287328
111  15.86028212  074.61287696
111  15.86082627  074.61274472
111  15.86070967  074.61189619
111  15.86001245  074.61204494
112  15.86004354  074.61225101  15.86005909  074.61233587
111  15.85998524  074.61235203
112  15.85874112  074.61258890  15.85867752  074.61259992
113  15.85858211  074.61240891
110 4 0.00 0.0000 New Taxiway 19
112  15.85954363  074.61765868  15.85957356  074.61747645
111  15.85962914  074.61749423
112  15.86079341  074.61726156  15.86091390  074.61725347
111  15.86095666  074.61736257
112  15.86100330  074.61765754  15.86099941  074.61771006
111  15.86108492  074.61771815
112  15.86148915  074.61764946  15.86152802  074.61764541
111  15.86155134  074.61755248
112  15.86146583  074.61698679  15.86145417  074.61691002
111  15.86136866  074.61691810
112  15.85964156  074.61721546  15.85953862  074.61721768
113  15.85944717  074.61708907
110 1 0.00 0.0000 New Taxiway 23
111  15.85821856  074.61031055
112  15.85831690  074.61006610  15.85841096  074.60996387
112  15.85848792  074.60981275  15.85850074  074.60978164
112  15.85846226  074.60951052  15.85839813  074.60939051
112  15.85824391  074.60929212  15.85813964  074.60925947
113  15.85802189  074.60929273
110 2 0.00 0.0000 New Taxiway 24
111  15.85801163  074.60930450
111  15.85790261  074.60882188
111  15.85807003  074.60879753
111  15.85797189  074.60790974
111  15.85715812  074.60801623
111  15.85727643  074.60886372
111  15.85752344  074.60881702
113  15.85764183  074.60940052
110 4 0.00 0.0000 New Taxiway 32
111  15.86192317  074.62746539
112  15.86178592  074.62758682  15.86172460  074.62761415
112  15.86155230  074.62765665  15.86154938  074.62765968
112  15.86094198  074.62778112  15.86091569  074.62778112
112  15.86069376  074.62773558  15.86062659  074.62769004
111  15.86055943  074.62763236
111  15.86050394  074.62765361
112  15.86067040  074.62780844  15.86072296  074.62782665
112  15.86092154  074.62783880  15.86097410  074.62783880
111  15.86178884  074.62765361
112  15.86190273  074.62758075  15.86192025  074.62755040
114  15.86194653  074.62749272  15.86194653  074.62747146
110 1 0.00 0.0000 New Taxiway 31
111  15.86079272  074.62634138
111  15.86092441  074.62688407
111  15.86071277  074.62696230
111  15.86092441  074.62774456
111  15.86164397  074.62758322
111  15.86151699  074.62678629
111  15.86123376  074.62682086
113  15.86113022  074.62621922
110 1 0.00 0.0000 New Taxiway 30
111  15.86057249  074.62537682
112  15.86050889  074.62556783  15.86045942  074.62562292
112  15.86036402  074.62572578  15.86033222  074.62579190
112  15.86031455  074.62604168  15.86033929  074.62615188
112  15.86048416  074.62629514  15.86055129  074.62633922
112  15.86068203  074.62636493  15.86071383  074.62636860
113  15.86075270  074.62634656
130 Airport Boundary 33
111  15.85696239  074.60933282
111  15.86036782  074.62827763
111  15.86213594  074.62770579
111  15.86184125  074.62615367
111  15.86252886  074.62417268
111  15.86233310  074.61966445
111  15.86200030  074.61407974
111  15.86197653  074.61222640
111  15.86119208  074.61225111
111  15.86085928  074.61173218
111  15.86052648  074.60938462
111  15.86007482  074.60844560
111  15.85988465  074.60664169
113  15.85656109  074.60603405
120 Linear Feature 28
111  15.85916077  074.61271120 4
115  15.85912451  074.61252613
120 Linear Feature 27
111  15.85885207  074.61268636 1
116  15.85854112  074.61317123  15.85863829  074.61361973
120 Linear Feature 26
111  15.85838988  074.61244054 1
112  15.85884835  074.61268340  15.85916081  074.61263180 1
115  15.86011139  074.61244392
120 Linear Feature 22
111  15.85982736  074.61743255 4
115  15.85979964  074.61723210
120 Linear Feature 21
111  15.85969554  074.61735448 1
116  15.85939520  074.61787241  15.85946940  074.61831688
120 Linear Feature 20
111  15.85923328  074.61701234 1
112  15.85969468  074.61735235  15.86003342  074.61729163 1
115  15.86086424  074.61713010
21  15.85873097  074.61203788 2 79.2100 3.0 08  PAPI-4L
21  15.86021317  074.62457303 2 259.2100 3.0 26  PAPI-4L
14  15.86089857  074.61227132  82.02 0 New Tower Viewpoint 4
1300  15.86044015  074.61239114 173.66 misc jets|turboprops|props|helos Parking
18  15.86086758  074.61802634 1 BCN
19  15.85753765  074.60978630 1 WS
19  15.86134748  074.62581806 1 WS
54 12350 TWR
99
