I
1000 Generated by WorldEditor

1   2171 1 0 VAHB HUBLI
100 30.48 1 0 0.25 0 0 0 08  15.36075600  075.07711700  102   60 2 0 0 0 26  15.36265300  075.09259400   53   56 2 0 0 0
110 2 0.00 0.0000 New Taxiway 36
111  15.36186293  075.08510185
112  15.36201553  075.08524769  15.36204545  075.08527561
111  15.36205143  075.08534698
112  15.36256259  075.08884257  15.36256741  075.08889254
112  15.36287807  075.09123598  15.36290457  075.09152182
112  15.36285339  075.09248746  15.36285339  075.09253144
111  15.36280039  075.09276781
111  15.36279509  075.09290523
112  15.36287460  075.09279529  15.36290110  075.09272933
112  15.36294350  075.09127814  15.36295410  075.09112972
112  15.36267749  075.08910195  15.36266785  075.08905697
112  15.36212789  075.08544431  15.36210069  075.08526737
112  15.36204135  075.08517249  15.36203146  075.08515454
113  15.36184353  075.08498016
110 2 0.00 0.0000 New Taxiway 35
111  15.36155382  075.08460458
112  15.36135470  075.08476978  15.36124718  075.08478630
111  15.35965821  075.08498040
111  15.35972591  075.08616568
111  15.35979759  075.08616568
111  15.35972989  075.08513321
112  15.35984936  075.08500518  15.35992901  075.08500518
111  15.36137860  075.08481933
114  15.36160958  075.08492258  15.36168126  075.08501344
110 2 0.00 0.0000 New Taxiway 34
111  15.35975736  075.08615574
111  15.35955055  075.08619538
111  15.35969442  075.08741926
112  15.35981581  075.08747055  15.35983379  075.08746589
112  15.35987875  075.08738896  15.35987875  075.08737963
112  15.35987200  075.08725608  15.35986301  075.08724209
113  15.35982030  075.08720945
110 1 0.00 0.0000 New Taxiway 33
111  15.35989222  075.08725429
111  15.35989990  075.08736257
111  15.36002734  075.08736734
113  15.36002120  075.08723678
110 1 0.00 0.0000 New Taxiway 32
111  15.35992073  075.08612948
111  15.35975617  075.08615741
111  15.35977712  075.08685245
113  15.36001947  075.08684004
110 1 0.00 0.0000 New Taxiway 6
111  15.36168864  075.08578842
112  15.36143912  075.08605651  15.36125647  075.08607847
111  15.36065270  075.08613851
112  15.36047222  075.08602614  15.36043018  075.08592101
111  15.36050189  075.08654927
112  15.36058596  075.08640567  15.36064036  075.08638002
112  15.36078873  075.08635694  15.36080109  075.08635694
111  15.36157003  075.08628300
114  15.36177131  075.08643815  15.36181483  075.08656790
110 1 0.00 0.0000 New Taxiway 5
111  15.36245904  075.09212604
111  15.36241513  075.09220661
111  15.36246917  075.09259894
111  15.36283060  075.09255165
111  15.36278669  075.09214530
113  15.36272927  075.09208400
110 1 0.00 0.0000 New Taxiway 4
111  15.36100753  075.07804020
111  15.36103281  075.07796676
111  15.36093878  075.07709325
111  15.36057375  075.07713979
111  15.36068784  075.07801785
113  15.36073716  075.07807831
110 1 0.00 0.0000 New Taxiway 14
111  15.36180126  075.08670368
112  15.36158545  075.08699042  15.36148654  075.08699974
111  15.36060956  075.08706611
112  15.36055213  075.08695402  15.36055044  075.08684543
111  15.36053693  075.08672983
111  15.36036466  075.08674734
111  15.36040857  075.08740765
111  15.36054200  075.08737963
112  15.36056902  075.08733584  15.36056733  075.08730081
112  15.36065516  075.08725527  15.36071258  075.08725177
111  15.36165191  075.08718364
114  15.36189694  075.08734216  15.36194414  075.08748203
110 2 0.00 0.0000 New Taxiway 12
111  15.36053848  075.08673614
111  15.36045306  075.08585261
112  15.36051375  075.08577335  15.36055647  075.08576869
111  15.36070933  075.08576869
112  15.36077002  075.08567777  15.36077002  075.08559618
111  15.36075083  075.08521290
112  15.36066316  075.08513131  15.36058448  075.08513597
111  15.35991770  075.08523639
112  15.35982250  075.08521665  15.35980346  075.08520819
112  15.35981978  075.08529563  15.35982522  075.08531820
112  15.35984970  075.08537461  15.35984970  075.08539436
111  15.35998604  075.08673945
112  15.35997616  075.08679747  15.35996629  075.08681795
112  15.35991692  075.08683843  15.35987084  075.08685208
111  15.35980831  075.08685208
111  15.35978198  075.08684867
111  15.35980831  075.08726166
111  15.36001237  075.08724801
111  15.36003541  075.08745280
111  15.36041061  075.08740842
113  15.36036782  075.08675652
112  15.36064357  075.08558979  15.36064133  075.08563874
112  15.36055590  075.08569935  15.36048172  075.08570868
111  15.36042327  075.08562242
112  15.36039630  075.08537531  15.36038731  075.08527740
112  15.36052668  075.08522845  15.36060761  075.08522145
113  15.36062559  075.08535666
130 Airport Boundary 38
111  15.36070982  075.08353996
111  15.35963386  075.08444102
111  15.35931779  075.08511383
111  15.35933443  075.08732202
111  15.35973368  075.08787407
111  15.36133068  075.08758080
111  15.36197946  075.09306677
111  15.36252843  075.09349806
111  15.36276132  075.09506795
111  15.36334356  075.09498169
111  15.36314196  075.09394362
111  15.36306332  075.09154722
111  15.36126970  075.07628836
111  15.36015512  075.07596059
113  15.36027157  075.07658164
120 Linear Feature 31
112  15.36003052  075.08529739  15.36002937  075.08529619 1
112  15.35995425  075.08533526  15.35995195  075.08536875 1
115  15.36002924  075.08550632
120 Linear Feature 30
111  15.36025266  075.08570783 1
116  15.36034325  075.08577949  15.36035399  075.08586069
120 Linear Feature 29
111  15.36012676  075.08572057 1
116  15.36004999  075.08582088  15.36005459  075.08591323
120 Linear Feature 28
111  15.36032728  075.08560641 1
112  15.36025128  075.08570799  15.36019723  075.08571500 1
111  15.36012369  075.08572057 1
116  15.36003617  075.08563300  15.36002235  075.08555179
120 Linear Feature 27
111  15.36057807  075.08625782 1
111  15.36008575  075.08629250 1
112  15.36003931  075.08625204  15.36002816  075.08621929 1
115  15.36006717  075.08608057
120 Linear Feature 26
111  15.36032289  075.08655628 1
116  15.36042152  075.08660920  15.36042676  075.08665922
120 Linear Feature 25
111  15.36041179  075.08648642 1
112  15.36032125  075.08655747  15.36026960  075.08656326 1
111  15.36010210  075.08658497 1
112  15.36007140  075.08661063  15.36006163  075.08663524 1
112  15.36008862  075.08668643  15.36009469  075.08669452 1
115  15.36011462  075.08672867
120 Linear Feature 24
111  15.36181204  075.08672038 3
112  15.36162199  075.08701708  15.36149937  075.08703192 3
111  15.36060261  075.08709891 3
112  15.36053742  075.08702431  15.36052843  075.08696137 3
111  15.36049471  075.08651611 3
116  15.36051442  075.08643417  15.36052624  075.08640721
120 Linear Feature 23
111  15.36047545  075.08610450 3
112  15.36042631  075.08593572  15.36042017  075.08581630 3
111  15.36035196  075.08519136 3
111  15.35988323  075.08527389 3
111  15.36005470  075.08742303 3
111  15.36049889  075.08736699 3
112  15.36055124  075.08731794  15.36055631  075.08729167 3
112  15.36059853  075.08724263  15.36061711  075.08723037 3
111  15.36164448  075.08715195 3
116  15.36188474  075.08723386  15.36193411  075.08729189
120 Linear Feature 22
111  15.36031495  075.08548415 1
111  15.36037865  075.08614405 1
116  15.36057484  075.08625850  15.36073219  075.08623307
120 Linear Feature 21
111  15.36019294  075.08683860 1
112  15.36011334  075.08672854  15.36010411  075.08662566 1
111  15.36001898  075.08538747 1
112  15.36003122  075.08529621  15.36008844  075.08528350 1
111  15.36024582  075.08527938 1
112  15.36031143  075.08537460  15.36031242  075.08544570 1
115  15.36031368  075.08548466
120 Linear Feature 20
111  15.36045252  075.08704295 1
115  15.36047254  075.08724760
120 Linear Feature 11
111  15.36119025  075.08611502 4
115  15.36120491  075.08627331
120 Linear Feature 10
111  15.36168196  075.08614233 1
116  15.36187846  075.08627122  15.36189704  075.08640609
120 Linear Feature 9
111  15.36184435  075.08591769 1
112  15.36167882  075.08614022  15.36155416  075.08614870 1
115  15.36057117  075.08626100
120 Linear Feature 8
111  15.36175150  075.08635897 3
112  15.36155390  075.08624162  15.36144074  075.08624687 3
111  15.36063940  075.08633162 3
116  15.36051209  075.08643730  15.36048445  075.08653443
120 Linear Feature 7
111  15.36168898  075.08584829 3
112  15.36141568  075.08609349  15.36119612  075.08610942 3
111  15.36063682  075.08617582 3
116  15.36047538  075.08610588  15.36040998  075.08604018
120 Linear Feature 16
111  15.36178164  075.08705363 1
116  15.36199182  075.08719467  15.36201655  075.08736904
120 Linear Feature 15
111  15.36194974  075.08684367 1
112  15.36178340  075.08705581  15.36159682  075.08707679 1
111  15.36055248  075.08717989 1
112  15.36045291  075.08704350  15.36043616  075.08688138 1
111  15.36040714  075.08641464 1
116  15.36057991  075.08625858  15.36075269  075.08623931
120 Linear Feature 19
111  15.36030546  075.08735221 1
112  15.36025493  075.08730377  15.36025112  075.08725334 1
111  15.36024349  075.08688655 1
116  15.36026828  075.08683415  15.36029116  075.08682624
120 Linear Feature 18
111  15.36032212  075.08683046 1
116  15.36044085  075.08689966  15.36044605  075.08697966
120 Linear Feature 17
111  15.36055234  075.08718072 1
112  15.36047113  075.08724784  15.36047240  075.08730179 1
112  15.36038739  075.08734653  15.36034805  075.08735311 1
111  15.36015114  075.08736250 1
112  15.36008362  075.08732442  15.36007939  075.08728818 1
111  15.36007539  075.08693544 1
112  15.36013275  075.08684656  15.36018511  075.08683956 1
111  15.36032108  075.08683080 1
116  15.36043002  075.08676289  15.36043171  075.08668057
14  15.35970737  075.08692194  82.02 0 New Tower Viewpoint 2
1300  15.36007782  075.08711896 267.83 misc jets|turboprops|props 4
1300  15.36024811  075.08711462 267.83 misc jets|turboprops|props 3
1300  15.36021104  075.08571163 177.14 misc jets|turboprops|props 2
1300  15.36022682  075.08657207 173.66 misc jets|turboprops|props 1
19  15.36112956  075.07678099 1 WS
19  15.36227942  075.09292998 1 WS
54 12220 TWR
99
