I
1000 Generated by WorldEditor

1  10682 0 0 VILH LEH
100 45.72 1 0 0.25 0 3 1 07L  34.13158177  077.53085635    0   77 2 2 0 0 25R  34.14087041  077.56292650  361   30 2 0 0 0
100 25.91 1 0 0.25 0 0 0 06  34.12704751  077.55566527    0    0 2 0 0 0 24  34.12768818  077.55710106    0    0 2 0 0 0
100 18.29 1 0 0.25 0 0 0 07  34.12908388  077.53620687    0    0 2 0 0 0 25  34.12947729  077.53777840    0   79 2 0 0 0
102 H7  34.13762283  077.54369771  67.00 11.50 11.50 1 0 0 0.00 1
102 H6  34.13787314  077.54356940  67.00 11.50 11.50 1 0 0 0.00 1
102 H5  34.13812851  077.54344360  67.00 11.50 11.50 1 0 0 0.00 1
102 H4  34.13819070  077.54300089  67.00 11.50 11.50 1 0 0 0.00 1
102 H3  34.13806098  077.54266488  67.00 11.50 11.50 1 0 0 0.00 1
110 2 0.00 0.0000 New Taxiway 40
111  34.12870268  077.53789540
111  34.12877077  077.53813582
111  34.12934345  077.53851409
111  34.12943423  077.53838334
111  34.12915839  077.53730143
111  34.12898382  077.53722973
111  34.12892446  077.53744906
113  34.12877956  077.53737525
110 2 0.00 0.0000 New Taxiway 39
111  34.12853141  077.53625406
111  34.12837992  077.53618609
111  34.12808715  077.53705332
111  34.12823798  077.53713888
113  34.12832163  077.53690732
110 15 0.00 0.0000 New Taxiway 38
111  34.12957514  077.53851558
111  34.12898298  077.53613572
111  34.12884699  077.53619049
112  34.12886473  077.53625953  34.12886514  077.53628276
111  34.12884797  077.53631787
111  34.12839263  077.53610708
111  34.12849019  077.53582375
111  34.12780905  077.53549237
112  34.12776138  077.53585700  34.12772188  077.53601420
112  34.12751273  077.53669525  34.12750251  077.53674774
112  34.12755618  077.53682185  34.12761497  077.53685581
112  34.12784501  077.53689287  34.12792424  077.53692683
111  34.12808847  077.53705233
111  34.12837992  077.53618609
111  34.12853141  077.53625406
111  34.12832163  077.53690732
112  34.12863948  077.53708504  34.12875961  077.53717767
112  34.12880306  077.53729809  34.12881328  077.53732897
111  34.12882964  077.53739989
111  34.12892622  077.53745031
111  34.12898226  077.53723136
111  34.12915754  077.53729906
111  34.12943210  077.53838641
111  34.12934028  077.53851475
113  34.12940718  077.53855912
110 2 0.00 0.0000 New Taxiway 37
111  34.12914698  077.53613944
111  34.12849019  077.53582375
111  34.12839263  077.53610708
111  34.12884009  077.53631429
112  34.12884797  077.53631787  34.12885192  077.53631787
112  34.12886473  077.53625953  34.12886473  077.53624049
111  34.12884699  077.53619049
111  34.12898298  077.53613572
111  34.12900565  077.53623453
113  34.12916233  077.53617858
110 1 0.00 0.0000 New Taxiway 36
111  34.13990909  077.54633144
111  34.14007063  077.54669451
111  34.14012632  077.54667827
111  34.14016022  077.54680359
111  34.14151346  077.54628497
112  34.14104393  077.54545271  34.14084430  077.54530664
112  34.14048723  077.54537118  34.14045912  077.54538477
112  34.14021170  077.54551046  34.14017515  077.54554103
112  34.13993054  077.54573466  34.13990242  077.54579241
111  34.13988836  077.54593847
113  34.13979334  077.54604056
110 2 0.00 0.0000 New Taxiway 34
111  34.13067213  077.52699108
111  34.13029129  077.52717017
111  34.13115983  077.53014974
113  34.13154495  077.52998897
110 2 0.00 0.0000 New Taxiway 33
111  34.13889777  077.55697208
111  34.13854077  077.55712521
111  34.13888932  077.55837322
113  34.13925054  077.55822009
110 1 0.00 0.0000 New Taxiway 32
111  34.14275908  077.55468248
111  34.14178834  077.55518110
112  34.14174605  077.55508241  34.14171678  077.55501502
112  34.14161487  077.55484752  34.14156041  077.55478332
112  34.14138403  077.55478476  34.14132082  077.55480499
111  34.14133222  077.55480611
111  34.14135887  077.55488035
112  34.14146240  077.55486396  34.14156417  077.55485236
112  34.14162947  077.55498229  34.14164675  077.55501709
111  34.14170052  077.55529088
112  34.14176389  077.55528856  34.14177926  077.55529088
112  34.14215756  077.55509134  34.14217382  077.55508298
112  34.14252236  077.55489778  34.14254632  077.55488397
112  34.14278171  077.55475405  34.14280537  077.55474024
112  34.14293357  077.55466408  34.14293515  077.55466024
112  34.14289706  077.55454711  34.14286850  077.55449725
111  34.14274908  077.55426905
113  34.14262487  077.55432598
110 1 0.00 0.0000 New Taxiway 31
111  34.14244126  077.55384171
111  34.14121554  077.55449902
111  34.14124510  077.55457998
113  34.14247009  077.55391661
110 2 0.00 0.0000 New Taxiway 30
111  34.14075389  077.55523336
112  34.14083710  077.55515158  34.14086307  077.55513066
111  34.14100302  077.55506093
111  34.14135939  077.55488138
111  34.14133222  077.55480611
112  34.14138403  077.55478476  34.14145761  077.55476035
112  34.14161487  077.55484752  34.14168011  077.55491265
111  34.14178834  077.55518110
111  34.14275908  077.55468248
111  34.14247009  077.55391661
111  34.14124510  077.55457998
111  34.14121554  077.55449902
112  34.14083220  077.55469190  34.14080067  077.55470142
113  34.14075102  077.55467266
110 1 0.00 0.0000 New Taxiway 18
111  34.14042582  077.55559610
112  34.14041992  077.55600518  34.14041967  077.55609477
112  34.14041196  077.55695724  34.14040710  077.55708545
112  34.14040868  077.55765158  34.14040936  077.55770675
112  34.14041060  077.55892003  34.14041388  077.55897955
112  34.14040843  077.56012012  34.14040936  077.56017006
112  34.14037433  077.56022092  34.14034177  077.56024497
111  34.14030884  077.56022877
111  34.14056646  077.56112138
112  34.14059394  077.56109477  34.14060889  077.56107507
112  34.14061804  077.56101191  34.14062286  077.56098118
112  34.14062065  077.56066973  34.14062198  077.56065500
112  34.14061372  077.55979433  34.14061366  077.55981503
112  34.14061734  077.55772761  34.14061734  077.55771677
112  34.14062342  077.55646790  34.14062465  077.55643158
113  34.14062973  077.55558999
110 1 0.00 0.0000 New Taxiway 16
111  34.14015063  077.55426508
111  34.14016110  077.55430070
112  34.14026257  077.55431032  34.14028236  077.55431743
112  34.14037924  077.55438666  34.14039821  077.55441160
112  34.14042603  077.55447321  34.14042879  077.55451856
111  34.14042574  077.55498811
111  34.14042582  077.55559610
111  34.14062973  077.55558999
112  34.14066714  077.55549801  34.14066967  077.55546282
112  34.14068740  077.55536265  34.14069565  077.55534255
111  34.14075389  077.55523336
111  34.14075102  077.55467266
112  34.14066370  077.55455971  34.14065116  077.55452774
112  34.14064471  077.55440729  34.14066258  077.55433830
112  34.14071244  077.55426188  34.14072797  077.55423454
112  34.14083806  077.55416318  34.14088381  077.55414454
112  34.14095380  077.55412987  34.14100194  077.55410206
112  34.14101404  077.55408838  34.14102765  077.55407447
111  34.14103008  077.55404794
112  34.14071881  077.55418793  34.14069566  077.55419520
114  34.14043598  077.55423076  34.14041030  077.55423421
110 1 0.00 0.0000 New Taxiway 12
111  34.14101542  077.55352458
112  34.14096938  077.55367358  34.14095545  077.55369653
112  34.14085211  077.55380785  34.14076029  077.55385394
112  34.14059542  077.55389065  34.14053276  077.55390509
112  34.13995354  077.55399854  34.13991857  077.55400382
112  34.13933738  077.55410908  34.13928804  077.55411802
112  34.13891574  077.55418090  34.13885655  077.55418901
112  34.13871833  077.55420086  34.13867364  077.55419663
112  34.13858706  077.55415501  34.13852998  077.55410559
112  34.13852806  077.55408246  34.13852616  077.55407901
111  34.13873174  077.55478461
112  34.13880535  077.55461180  34.13883852  077.55454641
112  34.13891469  077.55447552  34.13894577  077.55446023
112  34.13907698  077.55444771  34.13910692  077.55444320
112  34.13966818  077.55433969  34.13972300  077.55433287
111  34.14015056  077.55426442
112  34.14071881  077.55418793  34.14076372  077.55417101
112  34.14103008  077.55404794  34.14105455  077.55403315
112  34.14112866  077.55402286  34.14117556  077.55399823
113  34.14118508  077.55399016
110 2 0.00 156.0000 New Taxiway 28
112  34.13755141  077.54185073  34.13748196  077.54184415
111  34.13743367  077.54186613
111  34.13729490  077.54194316
112  34.13702642  077.54210629  34.13698248  077.54216950
112  34.13700969  077.54232216  34.13704515  077.54243523
111  34.13717222  077.54241072
111  34.13729787  077.54234316
112  34.13753427  077.54221258  34.13755456  077.54219889
112  34.13764854  077.54210479  34.13766528  077.54205296
113  34.13765361  077.54197247
110 2 0.00 156.0000 New Taxiway 28
112  34.13782954  077.54259324  34.13776009  077.54258665
111  34.13771180  077.54260864
111  34.13757303  077.54268567
112  34.13730455  077.54284880  34.13726060  077.54291201
112  34.13728782  077.54306467  34.13732327  077.54317774
111  34.13745035  077.54315323
111  34.13757599  077.54308567
112  34.13781240  077.54295508  34.13783269  077.54294139
112  34.13792667  077.54284730  34.13794341  077.54279546
113  34.13793174  077.54271497
110 2 0.00 156.0000 New Taxiway 28
112  34.14012118  077.54845141  34.14005173  077.54844483
111  34.14000344  077.54846681
111  34.13986466  077.54854384
112  34.13959619  077.54870697  34.13955224  077.54877018
112  34.13957945  077.54892284  34.13961491  077.54903591
111  34.13974198  077.54901140
111  34.13986763  077.54894384
112  34.14010403  077.54881326  34.14012432  077.54879957
112  34.14021830  077.54870547  34.14023505  077.54865363
113  34.14022337  077.54857315
110 2 0.00 156.0000 New Taxiway 28
112  34.14039849  077.54920281  34.14032904  077.54919622
111  34.14028075  077.54921821
111  34.14014198  077.54929524
112  34.13987350  077.54945837  34.13982955  077.54952158
112  34.13985676  077.54967424  34.13989222  077.54978731
111  34.14001930  077.54976280
111  34.14014494  077.54969524
112  34.14038134  077.54956465  34.14040163  077.54955096
112  34.14049562  077.54945687  34.14051236  077.54940503
113  34.14050068  077.54932455
110 2 0.00 156.0000 New Taxiway 28
112  34.14068157  077.54994910  34.14061212  077.54994251
111  34.14056383  077.54996450
111  34.14042506  077.55004153
112  34.14015658  077.55020466  34.14011263  077.55026787
112  34.14013984  077.55042053  34.14017530  077.55053360
111  34.14030238  077.55050908
111  34.14042802  077.55044153
112  34.14066442  077.55031094  34.14068471  077.55029725
112  34.14077870  077.55020316  34.14079544  077.55015132
113  34.14078377  077.55007083
110 2 0.00 156.0000 New Taxiway 28
112  34.14096921  077.55069799  34.14089976  077.55069140
111  34.14085147  077.55071339
111  34.14071270  077.55079042
112  34.14044422  077.55095354  34.14040027  077.55101676
112  34.14042748  077.55116942  34.14046294  077.55128249
111  34.14059001  077.55125797
111  34.14071566  077.55119042
112  34.14095206  077.55105983  34.14097235  077.55104614
112  34.14106633  077.55095204  34.14108308  077.55090021
113  34.14107140  077.55081972
110 2 0.00 156.0000 New Taxiway 28
112  34.14125168  077.55145338  34.14118223  077.55144679
111  34.14113826  077.55147713
111  34.14100641  077.55154998
112  34.14073707  077.55171415  34.14072032  077.55173944
112  34.14070995  077.55191017  34.14074855  077.55198658
111  34.14084947  077.55198103
111  34.14099186  077.55191348
112  34.14123108  077.55177656  34.14125137  077.55176287
112  34.14134103  077.55168653  34.14135777  077.55163470
113  34.14134609  077.55155421
110 2 0.00 156.0000 New Taxiway 28
112  34.14181182  077.55301107  34.14178009  077.55299805
111  34.14172569  077.55300892
111  34.14160327  077.55307972
112  34.14132107  077.55324821  34.14130432  077.55327349
112  34.14129697  077.55339544  34.14131899  077.55347191
111  34.14141701  077.55346531
111  34.14155095  077.55339704
112  34.14181254  077.55324786  34.14183283  077.55323417
112  34.14187323  077.55317201  34.14188997  077.55312018
113  34.14186695  077.55306542
110 2 0.00 156.0000 New Taxiway 28
112  34.14153597  077.55226721  34.14150424  077.55225419
111  34.14144984  077.55226507
111  34.14132742  077.55233586
112  34.14104522  077.55250435  34.14102848  077.55252964
112  34.14102112  077.55265158  34.14104315  077.55272805
111  34.14114117  077.55272146
111  34.14127510  077.55265319
112  34.14153669  077.55250401  34.14155698  077.55249032
112  34.14159738  077.55242815  34.14161412  077.55237632
113  34.14159110  077.55232156
110 1 0.00 0.0000 New Taxiway 10
111  34.13931417  077.54899667
111  34.14101580  077.55352201
111  34.14118546  077.55398945
112  34.14125036  077.55395487  34.14127301  077.55394241
112  34.14156640  077.55378472  34.14161822  077.55375789
112  34.14198584  077.55354624  34.14206479  077.55349854
112  34.14214128  077.55335247  34.14216348  077.55330179
112  34.14217335  077.55302754  34.14213881  077.55289637
112  34.14203272  077.55262212  34.14199521  077.55251521
112  34.14187149  077.55219091  34.14182406  077.55206605
112  34.14157529  077.55141162  34.14158717  077.55144332
112  34.14144513  077.55105329  34.14140261  077.55094330
111  34.14129007  077.55065763
111  34.14115931  077.55030289
111  34.14101374  077.54991238
112  34.14087804  077.54955168  34.14086077  077.54951293
112  34.14072507  077.54915819  34.14072260  077.54914925
111  34.14058197  077.54878557
112  34.14045113  077.54842786  34.14043962  077.54840700
112  34.14024696  077.54787725  34.14022838  077.54782717
112  34.14016888  077.54784903  34.14014729  077.54785710
112  34.13938393  077.54828502  34.13937836  077.54829512
112  34.13926973  077.54836747  34.13922656  077.54840449
113  34.13915587  077.54847627
110 1 0.00 0.0000 New Taxiway 58
111  34.13789877  077.54711549 3 102
112  34.13952173  077.54644705  34.13958963  077.54642094 3 102
111  34.13990909  077.54633144 3 102
111  34.13979334  077.54604056 3 102
112  34.13961587  077.54616176  34.13958191  077.54618414 3 102
112  34.13911427  077.54636793  34.13908253  077.54637696 3 102
112  34.13838600  077.54667026  34.13835985  077.54668605 3 102
112  34.13787813  077.54687741  34.13784450  077.54689141 3 102
113  34.13780740  077.54687601 3 102
110 1 0.00 0.0000 New Taxiway 57
111  34.13763332  077.54698253 3 102
111  34.13659620  077.54741298 3 102
112  34.13666144  077.54763733  34.13666540  077.54764115 3 102
113  34.13771220  077.54719340 3 102
110 1 0.00 0.0000 New Taxiway 39
111  34.13577127  077.54456443
112  34.13579100  077.54447354  34.13579495  077.54446035
112  34.13582497  077.54438283  34.13583404  077.54436683
111  34.13588439  077.54431631
111  34.13583272  077.54417044
112  34.13577145  077.54416731  34.13576417  077.54416709
112  34.13570735  077.54414688  34.13568410  077.54413608
113  34.13563403  077.54408894
110 1 0.00 0.0000 New Taxiway 23
111  34.13720960  077.54364247 102
111  34.13709765  077.54336267 102
112  34.13706111  077.54344445  34.13705081  077.54346459 102
112  34.13701511  077.54351606  34.13699992  077.54353441 102
112  34.13693902  077.54357950  34.13691452  077.54359702 102
112  34.13682265  077.54363785  34.13679644  077.54364637 102
112  34.13673886  077.54364245  34.13671413  077.54364177 102
112  34.13665314  077.54362865  34.13662855  077.54361769 102
112  34.13661401  077.54360300  34.13660396  077.54359004 102
111  34.13659936  077.54358236 102
111  34.13635742  077.54370749 102
112  34.13634844  077.54380591  34.13634162  077.54382673 102
112  34.13629352  077.54390997  34.13625315  077.54395027 102
111  34.13623521  077.54395310 102
111  34.13618851  077.54383435 102
111  34.13607494  077.54389451 102
111  34.13611513  077.54400954 102
111  34.13584777  077.54414648 102
112  34.13583272  077.54417044  34.13583434  077.54417469 102
111  34.13588439  077.54431631 102
112  34.13592722  077.54430594  34.13593040  077.54431074 102
112  34.13593834  077.54432609  34.13593834  077.54432225 102
111  34.13618566  077.54420428 102
111  34.13622827  077.54429857 102
112  34.13627879  077.54427929  34.13629797  077.54426802 102
111  34.13635098  077.54423917 102
111  34.13631097  077.54414254 102
112  34.13639179  077.54411515  34.13641621  077.54411094 102
112  34.13647905  077.54413482  34.13649554  077.54414426 102
111  34.13654071  077.54417568 102
111  34.13677278  077.54405487 102
112  34.13683882  077.54387320  34.13685634  077.54384660 102
111  34.13694230  077.54379172 102
112  34.13698672  077.54378798  34.13699834  077.54379921 102
111  34.13704682  077.54391748 102
111  34.13710820  077.54387731 102
111  34.13706784  077.54376340 102
114  34.13706784  077.54372823  34.13707167  077.54371896 102
110 2 0.00 64.0000 New Taxiway 31
111  34.13565758  077.53796860
111  34.13572255  077.53812542
111  34.13584854  077.53805295
113  34.13578738  077.53789337
110 2 0.00 64.0000 New Taxiway 31
111  34.13594341  077.53872006
111  34.13600837  077.53887687
111  34.13613436  077.53880440
113  34.13607320  077.53864482
110 2 0.00 64.0000 New Taxiway 31
111  34.13622872  077.53946412
111  34.13629368  077.53962093
111  34.13641967  077.53954847
113  34.13635851  077.53938888
110 2 0.00 64.0000 New Taxiway 31
111  34.13650906  077.54020336
111  34.13657402  077.54036018
111  34.13670001  077.54028771
113  34.13663885  077.54012813
110 2 0.00 64.0000 New Taxiway 31
111  34.13679813  077.54093239
111  34.13685972  077.54108717
111  34.13698571  077.54101470
113  34.13692455  077.54085512
110 2 0.00 64.0000 New Taxiway 31
111  34.13708964  077.54170693
111  34.13715460  077.54186374
111  34.13728060  077.54179128
113  34.13721943  077.54163169
110 2 0.00 64.0000 New Taxiway 31
111  34.13736589  077.54245598
111  34.13743085  077.54261279
111  34.13755684  077.54254033
113  34.13749568  077.54238074
110 2 0.00 64.0000 New Taxiway 31
111  34.14050263  077.55057124
111  34.14056760  077.55072805
111  34.14069358  077.55065559
113  34.14063243  077.55049600
110 2 0.00 64.0000 New Taxiway 31
111  34.13765641  077.54320653
111  34.13772137  077.54336334
111  34.13784736  077.54329088
113  34.13778620  077.54313129
110 1 0.00 0.0000 New Taxiway 1
111  34.13730957  077.54031916
111  34.13707499  077.54047429
112  34.13720446  077.54080289  34.13721552  077.54082203
112  34.13729626  077.54104019  34.13730482  077.54107133
112  34.13732755  077.54114297  34.13733454  077.54116051
112  34.13736542  077.54128829  34.13736383  077.54138347
112  34.13721579  077.54144796  34.13718480  077.54147041
111  34.13705889  077.54153558
112  34.13690573  077.54161817  34.13685185  077.54164930
112  34.13679433  077.54162364  34.13676223  077.54161201
112  34.13670584  077.54151204  34.13669502  077.54148481
112  34.13685610  077.54194280  34.13687501  077.54199847
112  34.13700438  077.54233428  34.13702900  077.54240928
112  34.13715816  077.54272244  34.13716726  077.54275221
112  34.13728173  077.54306748  34.13729001  077.54308859
111  34.13750536  077.54367002
112  34.13752356  077.54367118  34.13752827  077.54368204
112  34.13765659  077.54400810  34.13766589  077.54401231
111  34.13830140  077.54366024
111  34.13820578  077.54342752
111  34.13834003  077.54334087
112  34.13836694  077.54326425  34.13837366  077.54324103
112  34.13834049  077.54317794  34.13833088  077.54316052
112  34.13831977  077.54313415  34.13831689  077.54313067
112  34.13831994  077.54311329  34.13832575  077.54309745
112  34.13834331  077.54304100  34.13835143  077.54299117
114  34.13830847  077.54288071  34.13827441  077.54280361
110 1 0.00 0.0000 New Taxiway 5
112  34.13456773  077.53875175  34.13456667  077.53875175
112  34.13471842  077.53867892  34.13469054  077.53869266
112  34.13496868  077.53855818  34.13498635  077.53854946
112  34.13504539  077.53852177  34.13505227  077.53851943
112  34.13510982  077.53851407  34.13512231  077.53851342
112  34.13518020  077.53851583  34.13519550  077.53851808
112  34.13523936  077.53853583  34.13524596  077.53853960
111  34.13530619  077.53856445
112  34.13519025  077.53825091  34.13519456  077.53826512
112  34.13511147  077.53831537  34.13509913  077.53832234
112  34.13501611  077.53836859  34.13496303  077.53839794
112  34.13474111  077.53850047  34.13465706  077.53854141
111  34.13447969  077.53862974
112  34.13442663  077.53865436  34.13440190  077.53866448
112  34.13437708  077.53866780  34.13435602  077.53866937
111  34.13434823  077.53866236
112  34.13434208  077.53867217  34.13434073  077.53867451
112  34.13433308  077.53868385  34.13433054  077.53868690
112  34.13431935  077.53869620  34.13431026  077.53870330
112  34.13430579  077.53870704  34.13429837  077.53871279
111  34.13428980  077.53871999
113  34.13434951  077.53887284
110 1 0.00 0.0000 New Taxiway 11
112  34.13708770  077.54333535  34.13709052  077.54334556
112  34.13710884  077.54339153  34.13711307  077.54340174
111  34.13720831  077.54364247
112  34.13727783  077.54367949  34.13729737  077.54368672
112  34.13742880  077.54370775  34.13745235  077.54370324
112  34.13750664  077.54366961  34.13749769  077.54367319
111  34.13728300  077.54306706
112  34.13715943  077.54272203  34.13711275  077.54259928
112  34.13700566  077.54233387  34.13699467  077.54229074
112  34.13685737  077.54194239  34.13681841  077.54183631
112  34.13672007  077.54155423  34.13669564  077.54148984
112  34.13672175  077.54139902  34.13674405  077.54133470
112  34.13684518  077.54127784  34.13689227  077.54124882
112  34.13706224  077.54116061  34.13714967  077.54111538
112  34.13717272  077.54111044  34.13719814  077.54110019
112  34.13725117  077.54110178  34.13726187  077.54110280
112  34.13732066  077.54113894  34.13734054  077.54116398
112  34.13729754  077.54103978  34.13728152  077.54098966
112  34.13720490  077.54080349  34.13716755  077.54072114
112  34.13707543  077.54047489  34.13707339  077.54047747
112  34.13717344  077.54040972  34.13722031  077.54037911
111  34.13731085  077.54031874
112  34.13724490  077.54014793  34.13723517  077.54012442
112  34.13716236  077.53993921  34.13716900  077.53995527
112  34.13687212  077.53918332  34.13683900  077.53907263
112  34.13663509  077.53855841  34.13660660  077.53847309
112  34.13629177  077.53766237  34.13627032  077.53762528
112  34.13621439  077.53760332  34.13617704  077.53759195
112  34.13609417  077.53759935  34.13603416  077.53760527
112  34.13595546  077.53765655  34.13592039  077.53767226
112  34.13571021  077.53778864  34.13565287  077.53782144
112  34.13553897  077.53788677  34.13549367  077.53791578
112  34.13546191  077.53793389  34.13542473  077.53795645
112  34.13537946  077.53798420  34.13535534  077.53800064
112  34.13528959  077.53805239  34.13527452  077.53806431
112  34.13523202  077.53812746  34.13521716  077.53815562
112  34.13520707  077.53819313  34.13520020  077.53821071
113  34.13519097  077.53824969
112  34.13623585  077.53828713  34.13623259  077.53835528
112  34.13618540  077.53841426  34.13617618  077.53842409
112  34.13607648  077.53848128  34.13604448  077.53849897
112  34.13577865  077.53865260  34.13572174  077.53868555
112  34.13565439  077.53865391  34.13563866  077.53864539
112  34.13558273  077.53857938  34.13556639  077.53854501
112  34.13557742  077.53843701  34.13558284  077.53841801
112  34.13566266  077.53832366  34.13573610  077.53827692
112  34.13586017  077.53820778  34.13588610  077.53819324
112  34.13601676  077.53812183  34.13609549  077.53808521
112  34.13613570  077.53810934  34.13615322  077.53811467
113  34.13618935  077.53814488
112  34.13651350  077.53907477  34.13650216  077.53913244
112  34.13646696  077.53915695  34.13645085  077.53917425
112  34.13641386  077.53919515  34.13640073  077.53920164
112  34.13624159  077.53929673  34.13621903  077.53930996
112  34.13602958  077.53940772  34.13600192  077.53941493
112  34.13593846  077.53940182  34.13589995  077.53938151
112  34.13587929  077.53934809  34.13586045  077.53932107
112  34.13584679  077.53926159  34.13584706  077.53925280
112  34.13585547  077.53916575  34.13587093  077.53912414
112  34.13591346  077.53908546  34.13593118  077.53906830
112  34.13600776  077.53903206  34.13602563  077.53902207
112  34.13619709  077.53892547  34.13622095  077.53891105
112  34.13634384  077.53885094  34.13637356  077.53884063
112  34.13643506  077.53885897  34.13646577  077.53886913
114  34.13650083  077.53894729  34.13650374  077.53895456
112  34.13680286  077.53976100  34.13680594  077.53979528
112  34.13678096  077.53985085  34.13676803  077.53987877
112  34.13671270  077.53992380  34.13670023  077.53992935
112  34.13654534  077.54001815  34.13652114  077.54003064
112  34.13633709  077.54013742  34.13631021  077.54015283
112  34.13623122  077.54015061  34.13620219  077.54013831
112  34.13615273  077.54007463  34.13613647  077.54004018
112  34.13613253  077.53997296  34.13613395  077.53992317
112  34.13617453  077.53985719  34.13619046  077.53983261
112  34.13631433  077.53976363  34.13633270  077.53975253
112  34.13650859  077.53964865  34.13651253  077.53964628
112  34.13662816  077.53958868  34.13665477  077.53958104
112  34.13672058  077.53960403  34.13675268  077.53962126
114  34.13678209  077.53967640  34.13678931  077.53968908
112  34.13706706  077.54056540  34.13705349  077.54061167
112  34.13701276  077.54065334  34.13697443  077.54068207
112  34.13691730  077.54070668  34.13688980  077.54071914
112  34.13669453  077.54082114  34.13667626  077.54083050
112  34.13657508  077.54087664  34.13655474  077.54087664
112  34.13649239  077.54086554  34.13645301  077.54085127
112  34.13641705  077.54077012  34.13641406  077.54075516
112  34.13643705  077.54060372  34.13649101  077.54053757
112  34.13660724  077.54048415  34.13664158  077.54046516
112  34.13675491  077.54040406  34.13678330  077.54038682
112  34.13689208  077.54033587  34.13693327  077.54032178
112  34.13698117  077.54033429  34.13699149  077.54033667
114  34.13706073  077.54041053  34.13707928  077.54045678
110 1 0.00 0.0000 New Taxiway 4
112  34.13419793  077.53913518  34.13419793  077.53913013
112  34.13420139  077.53907297  34.13420208  077.53906259
112  34.13420728  077.53903996  34.13420978  077.53902999
112  34.13421869  077.53900325  34.13422203  077.53899488
112  34.13423209  077.53897450  34.13423944  077.53896305
112  34.13426209  077.53893634  34.13427175  077.53892727
112  34.13431142  077.53889861  34.13432157  077.53889179
111  34.13435066  077.53887157
111  34.13429055  077.53871877
112  34.13423890  077.53873952  34.13422792  077.53874141
112  34.13418899  077.53874158  34.13417696  077.53874117
112  34.13409068  077.53869231  34.13408128  077.53867905
113  34.13405339  077.53863593
110 1 0.00 0.0000 New Taxiway 40
111  34.13654172  077.54417680
112  34.13656936  077.54418515  34.13657708  077.54418908
111  34.13829887  077.54876712
111  34.13849146  077.54864739
113  34.13677220  077.54405352
120 Linear Feature 27
111  34.14063001  077.55558974 102
111  34.14061734  077.55772761 102
111  34.14062026  077.56096269 102
112  34.14061804  077.56101191  34.14061616  077.56102673 102
116  34.14056646  077.56112138  34.14052303  077.56114435
120 Linear Feature 26
111  34.14042614  077.55447288 102
111  34.14042459  077.55559417 102
111  34.14041414  077.55764687 102
111  34.14040843  077.56012012 102
112  34.14037433  077.56022092  34.14032397  077.56024406 102
116  34.14030884  077.56022877  34.14029121  077.56022030
120 Linear Feature 25
111  34.13873236  077.55478456 102
112  34.13880571  077.55461030  34.13881860  077.55458695 102
112  34.13891469  077.55447552  34.13895335  077.55445846 102
112  34.13907698  077.55444771  34.13909973  077.55444369 102
111  34.13966818  077.55433969 102
112  34.14015063  077.55426508  34.14017038  077.55426862 102
112  34.14026257  077.55431032  34.14033687  077.55434381 102
111  34.14037924  077.55438666 102
116  34.14042603  077.55447321  34.14042879  077.55451856
120 Linear Feature 24
111  34.13852825  077.55408209 102
112  34.13858706  077.55415501  34.13862151  077.55418555 102
112  34.13871833  077.55420086  34.13876803  077.55420247 102
112  34.13901906  077.55416227  34.13904570  077.55415442 102
111  34.13995485  077.55399546 102
111  34.14059542  077.55389065 102
112  34.14085211  077.55380785  34.14088822  077.55378525 102
112  34.14096938  077.55367358  34.14101657  077.55356650 102
115  34.14101545  077.55352451
120 Linear Feature 23
111  34.13811830  077.54908429 102
112  34.13790970  077.54919931  34.13789995  077.54920436 102
112  34.13754203  077.54938440  34.13753228  077.54938944 102
112  34.13732476  077.54950386  34.13731183  077.54951945 102
112  34.13727880  077.54956949  34.13726165  077.54961235 102
115  34.13725931  077.54969568
120 Linear Feature 21
111  34.13711903  077.54921792 102
112  34.13717571  077.54929736  34.13719305  077.54931025 102
112  34.13729463  077.54931840  34.13732896  077.54930495 102
112  34.13750741  077.54917745  34.13753797  077.54916250 102
112  34.13785239  077.54899217  34.13785593  077.54899146 102
111  34.13819802  077.54881078 102
115  34.13826634  077.54876585
120 Linear Feature 19
111  34.14061826  077.55753531 4 103
115  34.14041004  077.55751634
120 Linear Feature 17
111  34.14066942  077.55402246 51 101
112  34.14056954  077.55413753  34.14053810  077.55421067 51 101
112  34.14053366  077.55426290  34.14052906  077.55429806 51 101
112  34.14052487  077.55495239  34.14052360  077.55501480 51 101
112  34.14052039  077.55621550  34.14052278  077.55625665 51 101
112  34.14051454  077.55796776  34.14051454  077.55791272 51 101
111  34.14051142  077.56003093 51 101
112  34.14051117  077.56041745  34.14050893  077.56044184 51 101
116  34.14045734  077.56065322  34.14040351  077.56069116
120 Linear Feature 15
111  34.13905774  077.55444934 4 103
115  34.13901816  077.55416247
120 Linear Feature 14
111  34.13902257  077.55430718 51 101
116  34.13861527  077.55438345  34.13861527  077.55438658
120 Linear Feature 13
111  34.14113176  077.55384543 51 101
112  34.14094988  077.55393644  34.14093769  077.55394234 51 101
112  34.14075595  077.55400360  34.14058863  077.55404239 51 101
111  34.14043748  077.55406476 51 101
112  34.13987885  077.55415571  34.13980638  077.55416670 51 101
112  34.13914716  077.55428702  34.13909618  077.55429627 51 101
115  34.13902257  077.55430718
120 Linear Feature 20
111  34.14036203  077.55407714 51 101
112  34.14043734  077.55412547  34.14046885  077.55415155 51 101
112  34.14049607  077.55418618  34.14051594  077.55421472 51 101
116  34.14053376  077.55426372  34.14054021  077.55429297
120 Linear Feature 42
111  34.13931374  077.54899915 102
115  34.14101545  077.55352451
120 Linear Feature 8
111  34.13760543  077.54933770 4 103
116  34.13754863  077.54918544  34.13754863  077.54918651
120 Linear Feature 7
111  34.13826780  077.54890900 51 101
112  34.13839536  077.54889551  34.13844612  077.54889266 51 101
112  34.13854273  077.54888323  34.13856030  077.54888087 51 101
112  34.13875895  077.54886396  34.13880200  077.54885631 51 101
112  34.13884252  077.54884560  34.13885644  077.54883948 51 101
112  34.13906987  077.54872289  34.13907824  077.54871783 51 101
115  34.13920904  077.54864830
120 Linear Feature 6
111  34.13839021  077.54870992 51 101
112  34.13846107  077.54880972  34.13850501  077.54885513 51 101
116  34.13854273  077.54888323  34.13855688  077.54888988
120 Linear Feature 5
111  34.13719041  077.54946367 51 101
112  34.13758682  077.54925679  34.13762029  077.54923976 51 101
112  34.13815711  077.54896020  34.13818701  077.54894046 51 101
112  34.13826780  077.54890900  34.13828533  077.54890454 51 101
112  34.13834909  077.54886094  34.13836985  077.54883796 51 101
112  34.13838455  077.54879094  34.13838887  077.54877004 51 101
116  34.13839021  077.54870992  34.13838787  077.54871018
120 Linear Feature 4
111  34.13709045  077.54951336 51
112  34.13705952  077.54956432  34.13705476  077.54957503 51
112  34.13703993  077.54963081  34.13703772  077.54965119 51
111  34.13705565  077.54971066 51
115  34.13708396  077.54980119
120 Linear Feature 3
111  34.13719047  077.54946413 51
112  34.13709052  077.54951351  34.13706728  077.54952191 51
112  34.13700801  077.54948290  34.13699771  077.54947244 51
112  34.13696905  077.54941384  34.13695696  077.54937692 51
115  34.13694089  077.54932364
120 Linear Feature 2
111  34.13847822  077.54863589 20
115  34.13829757  077.54874317
120 Linear Feature 61
111  34.13786822  077.54701018 51
115  34.13982948  077.54621453
120 Linear Feature 60
111  34.13703666  077.54746796 4 103
115  34.13697835  077.54725944
120 Linear Feature 59
112  34.13766942  077.54707630  34.13766834  077.54707761 51
115  34.13663035  077.54751879
120 Linear Feature 36
111  34.13585500  077.54424150 51 101
112  34.13568714  077.54433461  34.13568186  077.54433844 51 101
112  34.13558805  077.54438791  34.13558083  077.54438791 51 101
112  34.13553252  077.54437658  34.13551304  077.54436284 51 101
112  34.13548744  077.54429079  34.13548113  077.54427697 51 101
115  34.13545750  077.54419904
120 Linear Feature 33
111  34.13611142  077.54422741 4 103
115  34.13605113  077.54405493
120 Linear Feature 32
111  34.13709699  077.54336219 102
115  34.13531546  077.53858290
120 Linear Feature 30
111  34.13677289  077.54440895 51 101
116  34.13688374  077.54470486  34.13688480  077.54470741
120 Linear Feature 29
111  34.13661438  077.54396725 51 101
115  34.13671905  077.54425207
120 Linear Feature 28
111  34.13681447  077.54376226 51 101
112  34.13671698  077.54391820  34.13669905  077.54395595 51 101
116  34.13664977  077.54406700  34.13665049  077.54406874
120 Linear Feature 27
111  34.13635595  077.54399919 51 101
112  34.13650768  077.54402297  34.13654479  077.54403314 51 101
116  34.13664905  077.54406525  34.13665699  077.54407135
120 Linear Feature 26
111  34.13651827  077.54391771 51 101
115  34.13585500  077.54424150
120 Linear Feature 22
111  34.13750306  077.54338200 51 101
115  34.13758485  077.54359020
120 Linear Feature 21
111  34.13763171  077.54331292 51 101
116  34.13770874  077.54351728  34.13770556  077.54350769
120 Linear Feature 20
111  34.13778149  077.54332612 51 101
115  34.13782881  077.54345079
120 Linear Feature 19
111  34.13800337  077.54310862 51 101
115  34.13741412  077.54342981
120 Linear Feature 18
111  34.13800335  077.54310827 51 101
111  34.13808852  077.54332761 51 101
115  34.13788463  077.54317634
120 Linear Feature 17
111  34.13804380  077.54275593 51 101
111  34.13788251  077.54317677 51 101
115  34.13795904  077.54339209
120 Linear Feature 16
111  34.13804329  077.54275613 51 101
111  34.13800312  077.54310859 51 101
115  34.13812174  077.54304070
120 Linear Feature 15
111  34.13719724  077.54265233 51 101
112  34.13710741  077.54276307  34.13708791  077.54280930 51 101
112  34.13707299  077.54288146  34.13706919  077.54294112 51 101
116  34.13707444  077.54298450  34.13707588  077.54299147
120 Linear Feature 14
111  34.13774019  077.54233843 51 101
112  34.13785553  077.54236923  34.13789950  077.54238381 51 101
112  34.13794694  077.54240295  34.13798591  077.54241959 51 101
116  34.13803225  077.54244942  34.13803816  077.54245657
120 Linear Feature 13
111  34.13785569  077.54199195 51 101
112  34.13775210  077.54232178  34.13774512  077.54233724 51 101
111  34.13773233  077.54234285 51 101
112  34.13752751  077.54245456  34.13751242  077.54246311 51 101
112  34.13739402  077.54253472  34.13736839  077.54254997 51 101
112  34.13720198  077.54265029  34.13717246  077.54266320 51 101
112  34.13706698  077.54264549  34.13701561  077.54262584 51 101
112  34.13696613  077.54259656  34.13692056  077.54256832 51 101
116  34.13689942  077.54253803  34.13689863  077.54253515
120 Linear Feature 12
111  34.13688877  077.54191497 51 101
112  34.13682118  077.54203504  34.13681124  077.54206950 51 101
112  34.13680025  077.54215803  34.13679808  077.54220545 51 101
116  34.13680274  077.54226718  34.13680373  077.54227135
120 Linear Feature 11
111  34.13746802  077.54159463 51 101
112  34.13760341  077.54162031  34.13766417  077.54164430 51 101
116  34.13774704  077.54170525  34.13776501  077.54172440
120 Linear Feature 30
111  34.13403694  077.53894669 51 101
112  34.13399394  077.53900456  34.13398020  077.53904562 51 101
112  34.13398550  077.53909658  34.13398695  077.53911406 51 101
116  34.13403226  077.53925998  34.13403515  077.53926784
120 Linear Feature 29
111  34.13758699  077.54127890 51 101
112  34.13755915  077.54142082  34.13754264  077.54146919 51 101
112  34.13751443  077.54152781  34.13749560  077.54156547 51 101
112  34.13745153  077.54160597  34.13743506  077.54161730 51 101
111  34.13725087  077.54171727 51 101
115  34.13711452  077.54179133
120 Linear Feature 28
111  34.13666244  077.54110595 51 101
112  34.13655234  077.54123769  34.13651864  077.54133094 51 101
112  34.13652225  077.54138223  34.13651941  077.54139636 51 101
116  34.13652905  077.54155363  34.13653540  077.54157154
120 Linear Feature 27
111  34.13716006  077.54082748 51 101
112  34.13724928  077.54082695  34.13728545  077.54083687 51 101
112  34.13732816  077.54085800  34.13735628  077.54087286 51 101
112  34.13741422  077.54090710  34.13744208  077.54092340 51 101
115  34.13745522  077.54093100
120 Linear Feature 26
111  34.13728608  077.54048139 51 101
112  34.13726544  077.54059692  34.13725495  077.54063522 51 101
112  34.13723604  077.54069643  34.13722086  077.54074497 51 101
112  34.13716875  077.54082189  34.13712166  077.54085153 51 101
112  34.13705888  077.54088414  34.13700142  077.54091697 51 101
111  34.13695297  077.54094203 51 101
112  34.13675228  077.54105281  34.13671329  077.54107712 51 101
112  34.13658704  077.54112638  34.13652017  077.54113295 51 101
112  34.13644647  077.54110238  34.13641012  077.54108263 51 101
116  34.13629994  077.54095209  34.13625925  077.54089429
120 Linear Feature 25
111  34.13635275  077.54038588 51 101
112  34.13629365  077.54045545  34.13627545  077.54048600 51 101
112  34.13624733  077.54055945  34.13623164  077.54061299 51 101
112  34.13622814  077.54067636  34.13622634  077.54070070 51 101
115  34.13623250  077.54078264
120 Linear Feature 24
111  34.13688739  077.54007713 51 101
112  34.13695426  077.54006455  34.13698450  077.54006455 51 101
112  34.13704064  077.54008226  34.13706102  077.54009100 51 101
112  34.13710855  077.54012523  34.13713162  077.54014477 51 101
115  34.13717116  077.54018821
120 Linear Feature 23
111  34.13700563  077.53975882 51 101
112  34.13698900  077.53981648  34.13697224  077.53986351 51 101
112  34.13694417  077.53994578  34.13693549  077.53997199 51 101
112  34.13691091  077.54003664  34.13689500  077.54007420 51 101
112  34.13687113  077.54008644  34.13684727  077.54009867 51 101
112  34.13673013  077.54016769  34.13669082  077.54019053 51 101
112  34.13652158  077.54028528  34.13649829  077.54029794 51 101
112  34.13636431  077.54037894  34.13633431  077.54039757 51 101
112  34.13624744  077.54038550  34.13617058  077.54036907 51 101
112  34.13613572  077.54034929  34.13610026  077.54033385 51 101
116  34.13604486  077.54028667  34.13601890  077.54025516
120 Linear Feature 22
111  34.13605257  077.53966264 51 101
112  34.13600382  077.53971074  34.13599241  077.53972452 51 101
112  34.13596480  077.53978371  34.13595443  077.53981552 51 101
112  34.13594470  077.53990646  34.13594321  077.53994604 51 101
116  34.13594370  077.54002487  34.13594772  077.54003730
120 Linear Feature 21
111  34.13658907  077.53934978 51 101
112  34.13668580  077.53933419  34.13671134  077.53933419 51 101
112  34.13676240  077.53934273  34.13678494  077.53934800 51 101
112  34.13683249  077.53937489  34.13684335  077.53938145 51 101
116  34.13687574  077.53941617  34.13687863  077.53941966
120 Linear Feature 20
111  34.13573149  077.53946910 51 101
112  34.13585273  077.53978918  34.13589456  077.53989826 51 101
112  34.13600474  077.54018522  34.13601733  077.54022102 51 101
112  34.13614260  077.54053542  34.13618460  077.54064955 51 101
112  34.13626883  077.54087619  34.13633201  077.54103142 51 101
112  34.13641505  077.54125267  34.13646071  077.54137017 51 101
112  34.13655559  077.54162321  34.13657568  077.54167694 51 101
112  34.13671813  077.54203702  34.13673518  077.54207538 51 101
112  34.13685112  077.54240576  34.13687306  077.54246905 51 101
112  34.13698976  077.54277242  34.13701798  077.54284425 51 101
112  34.13710447  077.54305755  34.13713608  077.54313492 51 101
112  34.13717690  077.54324356  34.13719219  077.54329156 51 101
112  34.13720014  077.54337718  34.13719843  077.54341838 51 101
112  34.13716144  077.54352022  34.13714476  077.54355533 51 101
116  34.13712231  077.54358224  34.13711075  077.54359146
120 Linear Feature 19
111  34.13671555  077.53900268 51 101
112  34.13679381  077.53920900  34.13680565  077.53924184 51 101
112  34.13694224  077.53958764  34.13695272  077.53961578 51 101
112  34.13708615  077.53996212  34.13710303  077.54000291 51 101
112  34.13722894  077.54034055  34.13725332  077.54040173 51 101
112  34.13737148  077.54070764  34.13739586  077.54077335 51 101
112  34.13751590  077.54109059  34.13754215  077.54115857 51 101
112  34.13767020  077.54149305  34.13770861  077.54159462 51 101
112  34.13780677  077.54186229  34.13785525  077.54199018 51 101
112  34.13793794  077.54220762  34.13799549  077.54235408 51 101
112  34.13804520  077.54248922  34.13805456  077.54251658 51 101
115  34.13807166  077.54257875
120 Linear Feature 18
111  34.13643465  077.53827443 51 101
112  34.13647517  077.53837835  34.13648240  077.53840107 51 101
112  34.13652073  077.53849892  34.13653591  077.53854260 51 101
112  34.13655833  077.53860987  34.13657135  077.53864132 51 101
112  34.13664316  077.53880872  34.13665597  077.53884108 51 101
112  34.13671555  077.53900268  34.13673179  077.53905962 51 101
112  34.13667235  077.53921155  34.13665225  077.53925160 51 101
112  34.13659461  077.53934442  34.13656796  077.53937470 51 101
112  34.13638422  077.53946640  34.13636153  077.53948136 51 101
112  34.13625698  077.53954138  34.13622806  077.53956063 51 101
112  34.13605270  077.53966251  34.13601906  077.53967811 51 101
112  34.13596052  077.53966280  34.13593428  077.53965303 51 101
112  34.13581121  077.53957421  34.13577251  077.53953519 51 101
112  34.13573178  077.53946897  34.13571897  077.53944266 51 101
112  34.13563796  077.53923488  34.13562944  077.53921016 51 101
115  34.13549985  077.53887438
120 Linear Feature 17
111  34.13630016  077.53862018 51 101
112  34.13637519  077.53860080  34.13641003  077.53859544 51 101
112  34.13645450  077.53860081  34.13649543  077.53860870 51 101
112  34.13653895  077.53863691  34.13655849  077.53865101 51 101
116  34.13658826  077.53869013  34.13660146  077.53871192
120 Linear Feature 15
111  34.13630320  077.53796162 51 101
112  34.13633246  077.53801929  34.13633564  077.53802602 51 101
112  34.13637824  077.53813128  34.13638222  077.53814665 51 101
112  34.13644229  077.53831211  34.13644370  077.53835695 51 101
112  34.13641791  077.53843403  34.13640024  077.53847625 51 101
112  34.13635374  077.53855238  34.13631977  077.53860199 51 101
112  34.13629919  077.53862057  34.13628778  077.53862623 51 101
112  34.13624350  077.53864909  34.13619857  077.53867235 51 101
112  34.13610445  077.53872774  34.13605030  077.53876067 51 101
112  34.13597623  077.53880203  34.13590391  077.53884832 51 101
112  34.13582429  077.53888643  34.13574755  077.53892695 51 101
112  34.13570745  077.53892739  34.13566447  077.53892896 51 101
112  34.13560366  077.53891857  34.13555614  077.53891091 51 101
112  34.13550109  077.53887422  34.13548412  077.53884957 51 101
112  34.13543054  077.53868223  34.13540491  077.53861607 51 101
115  34.13537534  077.53853330
120 Linear Feature 14
111  34.13521648  077.53834260 51 101
112  34.13525913  077.53831725  34.13528632  077.53829872 51 101
112  34.13534026  077.53826592  34.13536767  077.53824620 51 101
111  34.13546485  077.53818859 51 101
112  34.13569878  077.53804878  34.13574151  077.53802222 51 101
112  34.13582314  077.53797181  34.13586652  077.53794421 51 101
112  34.13609604  077.53784249  34.13615994  077.53784044 51 101
112  34.13622774  077.53788122  34.13627444  077.53791372 51 101
116  34.13630237  077.53796216  34.13632510  077.53799687
120 Linear Feature 13
111  34.13537755  077.53853400 51 101
112  34.13537701  077.53846574  34.13537961  077.53842151 51 101
112  34.13539874  077.53833577  34.13540602  077.53830874 51 101
112  34.13542808  077.53825307  34.13543975  077.53823089 51 101
115  34.13546448  077.53819466
120 Linear Feature 10
111  34.13509403  077.53841077 51 101
112  34.13517299  077.53841817  34.13518731  077.53842056 51 101
112  34.13525159  077.53843503  34.13526672  077.53843980 51 101
112  34.13531240  077.53846580  34.13533816  077.53848129 51 101
115  34.13537549  077.53853429
120 Linear Feature 9
111  34.13412893  077.53889762 51 101
112  34.13431760  077.53879517  34.13431825  077.53879120 51 101
111  34.13452204  077.53869033 51 101
111  34.13469138  077.53860706 51 101
112  34.13494375  077.53848083  34.13495521  077.53847578 51 101
111  34.13509202  077.53841017 51 101
116  34.13521372  077.53834326  34.13522529  077.53833628
120 Linear Feature 10
111  34.13711537  077.54179128 51 101
112  34.13687850  077.54191987  34.13685161  077.54192982 51 101
112  34.13674196  077.54188699  34.13670669  077.54186406 51 101
112  34.13666522  077.54182827  34.13663588  077.54179655 51 101
116  34.13659054  077.54171422  34.13658999  077.54171160
120 Linear Feature 24
111  34.13741474  077.54342974 51 101
112  34.13717507  077.54356137  34.13716284  077.54356770 51 101
112  34.13706588  077.54362047  34.13704928  077.54362892 51 101
115  34.13665120  077.54384885
120 Linear Feature 29
111  34.13412941  077.53889765 51 101
112  34.13404103  077.53894337  34.13403115  077.53894720 51 101
112  34.13399315  077.53894168  34.13397202  077.53893593 51 101
112  34.13393871  077.53891212  34.13392735  077.53889601 51 101
112  34.13390576  077.53881886  34.13388878  077.53876384 51 101
115  34.13387953  077.53873592
120 Linear Feature 35
111  34.13559069  077.54438737 51 101
112  34.13554983  077.54446461  34.13554459  077.54451846 51 101
112  34.13556420  077.54456665  34.13556764  077.54458051 51 101
115  34.13559733  077.54467766
120 Linear Feature 55
111  34.13658081  077.54418372 20
115  34.13829764  077.54874328
120 Linear Feature 55
111  34.13676131  077.54407627 20
115  34.13847814  077.54863582
120 Linear Feature 53
111  34.13830695  077.54849736 20
115  34.13836753  077.54864702
120 Linear Feature 54
111  34.13820139  077.54822445 20
115  34.13825975  077.54837180
120 Linear Feature 51
111  34.13809186  077.54793480 20
115  34.13814586  077.54807484
120 Linear Feature 50
111  34.13798061  077.54764187 20
115  34.13803484  077.54778655
120 Linear Feature 49
111  34.13786425  077.54732827 20
115  34.13792250  077.54748879
120 Linear Feature 48
111  34.13774513  077.54702066 20
115  34.13780731  077.54717881
120 Linear Feature 47
111  34.13763190  077.54671464 20
115  34.13769081  077.54686567
120 Linear Feature 46
111  34.13751867  077.54641257 20
115  34.13757431  077.54655649
120 Linear Feature 45
111  34.13740741  077.54612078 20
115  34.13746238  077.54626707
120 Linear Feature 44
111  34.13729876  077.54581871 20
115  34.13735505  077.54596421
120 Linear Feature 43
111  34.13718946  077.54553009 20
115  34.13724509  077.54567163
120 Linear Feature 42
111  34.13707492  077.54522328 20
115  34.13713317  077.54537273
120 Linear Feature 41
111  34.13696300  077.54492279 20
115  34.13702256  077.54508015
120 Linear Feature 44
111  34.13849263  077.55440073 51 101
112  34.13844674  077.55447245  34.13843906  077.55453028 51 101
112  34.13847958  077.55463830  34.13848250  077.55464641 51 101
115  34.13848877  077.55466649
120 Linear Feature 43
111  34.13861562  077.55438378 51 101
111  34.13849310  077.55439985 51 101
112  34.13842511  077.55435683  34.13839791  077.55432162 51 101
112  34.13835836  077.55420186  34.13834845  077.55417487 51 101
115  34.13832487  077.55409131
21  34.13185746  077.53353483 3 68.4500 3.0 07L VASI
1300  34.13774615  077.54324821 153.30 tie_down jets|turboprops New Ramp Start 6
1300  34.13745610  077.54249824 153.30 tie_down jets|turboprops New Ramp Start 6
1300  34.13718724  077.54175171 153.30 tie_down jets|turboprops New Ramp Start 6
1300  34.13688866  077.54097637 153.30 tie_down jets|turboprops New Ramp Start 6
1300  34.13659582  077.54024304 153.30 tie_down jets|turboprops New Ramp Start 6
1300  34.13631481  077.53950615 153.30 tie_down jets|turboprops New Ramp Start 6
1300  34.13603049  077.53876883 153.30 tie_down jets|turboprops New Ramp Start 6
1300  34.13575024  077.53801773 153.30 tie_down jets|turboprops New Ramp Start 6
1300  34.12777827  077.53658836 202.02 tie_down helos New Ramp Start 4
1300  34.12803898  077.53670261 202.02 tie_down helos New Ramp Start 4
1300  34.12816422  077.53630429 202.02 tie_down helos New Ramp Start 4
1300  34.12790607  077.53619622 202.02 tie_down props|helos New Ramp Start 4
1300  34.12803642  077.53580717 202.02 tie_down props|helos New Ramp Start 4
1300  34.12803642  077.53580717 202.02 tie_down props New Ramp Start 4
1300  34.12828435  077.53591524 202.02 tie_down props|helos New Ramp Start 4
18  34.13618696  077.54473193 4 BCN
19  34.12929315  077.53615188 1 WS
19  34.12963757  077.53769592 1 WS
19  34.12723714  077.55523161 1 WS
19  34.13158847  077.53192680 1 WS
19  34.12748181  077.55736421 1 WS
99
