I
1000 Generated by WorldEditor

1    325 0 0 VO26 KOVILPATTI
100 15.24 1 0 0.25 0 0 0 17  09.15909200  077.81959700    0    0 2 0 0 0 35  09.14869200  077.82274400    0    0 2 0 0 0
110 1 0.00 0.0000 New Taxiway 26
111  09.15087851  077.82201367
112  09.15068113  077.82189607  09.15061146  077.82188431
112  09.15035312  077.82190489  09.15028926  077.82193723
112  09.15018187  077.82209599  09.15018767  077.82214891
112  09.15017614  077.82218961  09.15017324  077.82219255
112  09.15014413  077.82223124  09.15011503  077.82223688
111  09.15034732  077.82219595
112  09.15031829  077.82217831  09.15031539  077.82216655
112  09.15034442  077.82210187  09.15035893  077.82208717
112  09.15043150  077.82205483  09.15044311  077.82205189
112  09.15054470  077.82204601  09.15056792  077.82204895
111  09.15057953  077.82207247
112  09.15056839  077.82209847  09.15055097  077.82211023
113  09.15052454  077.82212585
130 Airport Boundary 27
111  09.15928865  077.81926349
111  09.15819510  077.81950084
111  09.15161425  077.82130075
111  09.15077456  077.82153810
111  09.14932951  077.82199302
111  09.14821643  077.82230949
111  09.14813832  077.82286331
111  09.14835312  077.82321933
111  09.15253206  077.82203258
113  09.15940582  077.81991620
14  09.15042350  077.82183138  82.02 0 New Tower Viewpoint 10
1300  09.15029956  077.82200243  35.54 misc turboprops|props|helos 1
19  09.15928230  077.81975689 1 WS
19  09.14850170  077.82258410 1 WS
99
