I
1000 Generated by WorldEditor

1   3001 1 0 VOBL Kempegowda International
100 45.00 1 0 0.00 1 1 1 09  13.20712950  077.68607990    0    0 5 1 0 1 27  13.20681150  077.72295860    0    0 5 1 0 1
110 1 0.00 90.5100 Apron
111  13.20692762  077.68607015
112  13.20568861  077.68604016  13.20544951  077.68604016
112  13.20522758  077.68645772  13.20519770  077.68681383
111  13.20520261  077.69281796
112  13.20485304  077.69312571  13.20468239  077.69311649
111  13.20465329  077.69310007
111  13.20466622  077.69205319
111  13.19948463  077.69215116
111  13.19935979  077.71179609
111  13.20023371  077.71174480
111  13.20040850  077.71474539
111  13.20452844  077.71477104
111  13.20456725  077.71189313
111  13.20501130  077.71189382
111  13.20487801  077.72228536
112  13.20535243  077.72292651  13.20579704  077.72295188
113  13.20662560  077.72293103
112  13.20497789  077.69340782  13.20518897  077.69342166
111  13.20517765  077.69381816
112  13.20510274  077.70348675  13.20509967  077.70366949
112  13.20490002  077.70374085  13.20479879  077.70374400
111  13.20457838  077.70374321
113  13.20465329  077.69340782
112  13.20489794  077.70399910  13.20500530  077.70399910
112  13.20507777  077.70430742  13.20507777  077.70444605
111  13.20502783  077.71162315
111  13.20455341  077.71161657
113  13.20460335  077.70399967
111  13.20665490  077.69525009
111  13.20570200  077.69358734
111  13.20546381  077.69303680
112  13.20550225  077.68666289  13.20550823  077.68625766
112  13.20584584  077.68630167  13.20606103  077.68628939
112  13.20645706  077.68630890  13.20667225  077.68631504
114  13.20672257  077.68669212  13.20671061  077.68679035
112  13.20542734  077.69463883  13.20544081  077.69436667
112  13.20585182  077.69440802  13.20603595  077.69473092
111  13.20662587  077.69584420
111  13.20660090  077.70030663
112  13.20567182  077.69866527  13.20552856  077.69841157
114  13.20539716  077.69776766  13.20541198  077.69738709
111  13.20647605  077.70066567
111  13.20655096  077.70135812
112  13.20650102  077.70894937  13.20648787  077.70937486
111  13.20630127  077.70961617
112  13.20567703  077.71066766  13.20556476  077.71085218
112  13.20532746  077.71048814  13.20533195  077.71035437
112  13.20540237  077.69976806  13.20541225  077.69942809
114  13.20575194  077.69948595  13.20586556  077.69967370
112  13.20625322  077.71192481  13.20639203  077.71193319
112  13.20647605  077.71228337  13.20648422  077.71249305
112  13.20642611  077.72236229  13.20641623  077.72256526
112  13.20615172  077.72265003  13.20594424  077.72267032
112  13.20560132  077.72264948  13.20538396  077.72265455
112  13.20525255  077.72231100  13.20524761  077.72209281
112  13.20525255  077.71218078  13.20525255  077.71195475
114  13.20545639  077.71191545  13.20563603  077.71190622
111  13.20649150  077.70988093
111  13.20647605  077.71141140
112  13.20625541  077.71163012  13.20604719  077.71163431
113  13.20553994  077.71162915
130 Airport Boundary 20
111  13.20767903  077.68583939
111  13.20490051  077.68583939
111  13.20490051  077.69166265
111  13.19904310  077.69185547
111  13.19887818  077.71229339
111  13.19997765  077.71240631
111  13.20003262  077.71539876
111  13.20443048  077.71522938
111  13.20465038  077.72341627
113  13.20756397  077.72335981
120 Linear Feature 4
112  13.20493205  077.70388212  13.20515267  077.70388514 1
112  13.20524924  077.70352292  13.20524924  077.70334767 1
111  13.20528495  077.69840316 1
111  13.20530138  077.69335017 1
112  13.20537436  077.68652085  13.20538297  077.68629082 1
112  13.20562238  077.68616621  13.20578173  077.68617063 1
115  13.20658251  077.68618517
120 Linear Feature 3
111  13.20632521  077.71181399 1
112  13.20313217  077.71176047  13.20293794  077.71176047 1
112  13.20271939  077.71130181  13.20272412  077.71107797 1
112  13.20273738  077.70413232  13.20273738  077.70395033 1
112  13.20316096  077.70387720  13.20334335  077.70387720 1
112  13.20493205  077.70388212  13.20502200  077.70388133
111  13.20493205  077.70388212
112  13.20493205  077.70388212  13.20510743  077.70387401 1
112  13.20526668  077.70421298  13.20526668  077.70445920 1
115  13.20509295  077.72225471
120 Linear Feature 2
111  13.20371114  077.70469490 1
115  13.20273453  077.70469792
120 Linear Feature 2
111  13.20370071  077.70563696 1
115  13.20272411  077.70563998
120 Linear Feature 2
111  13.20373719  077.70658973 1
115  13.20276059  077.70659276
120 Linear Feature 2
111  13.20371114  077.70755856 1
115  13.20273453  077.70756158
120 Linear Feature 2
111  13.20371114  077.70850063 1
115  13.20273453  077.70850365
120 Linear Feature 2
111  13.20371114  077.70946057 1
115  13.20273453  077.70946359
120 Linear Feature 2
111  13.20370252  077.71040723 1
115  13.20272592  077.71041025
120 Linear Feature 2
111  13.20371114  077.70508466 1
115  13.20273453  077.70508768
120 Linear Feature 2
111  13.20370071  077.70602673 1
115  13.20272411  077.70602975
120 Linear Feature 2
111  13.20373719  077.70697950 1
115  13.20276059  077.70698252
120 Linear Feature 2
111  13.20371114  077.70794833 1
115  13.20273453  077.70795135
120 Linear Feature 2
111  13.20371114  077.70889039 1
115  13.20273453  077.70889342
120 Linear Feature 2
111  13.20371114  077.70985033 1
115  13.20273453  077.70985335
120 Linear Feature 2
111  13.20370252  077.71079700 1
115  13.20272592  077.71080002
120 Linear Feature 1
111  13.20370819  077.70489126 1
115  13.20252568  077.70487920
120 Linear Feature 1
111  13.20369777  077.70583333 1
115  13.20251526  077.70582127
120 Linear Feature 1
111  13.20373425  077.70678610 1
115  13.20255173  077.70677404
120 Linear Feature 1
111  13.20370819  077.70775493 1
115  13.20252568  077.70774287
120 Linear Feature 1
111  13.20370819  077.70869699 1
115  13.20252568  077.70868494
120 Linear Feature 1
111  13.20370819  077.70965693 1
115  13.20252568  077.70964487
120 Linear Feature 1
111  13.20369958  077.71060360 1
115  13.20251706  077.71059154
14  13.20032311  077.70251382 164.04 0 New Tower Viewpoint 4
1300  13.20250689  077.69815555 181.17 tie_down turboprops|props New Ramp Start 15
1300  13.20252376  077.69777086 181.17 tie_down turboprops|props New Ramp Start 15
1300  13.20251701  077.69737577 181.17 tie_down turboprops|props New Ramp Start 15
1300  13.20253726  077.69698414 181.17 tie_down turboprops|props New Ramp Start 15
1300  13.20253726  077.69659251 181.17 tie_down turboprops|props New Ramp Start 15
1300  13.20253051  077.69622168 181.17 tie_down turboprops|props New Ramp Start 15
1300  13.20348507  077.70282092   0.00 tie_down heavy|jets New Ramp Start 14
1300  13.20166397  077.71060383 180.53 gate heavy|jets New Ramp Start 13
1300  13.20164766  077.70993404 180.53 gate heavy|jets New Ramp Start 13
1300  13.20164223  077.70952101 180.53 gate heavy|jets New Ramp Start 13
1300  13.20165708  077.70909403 180.53 gate heavy|jets New Ramp Start 13
1300  13.20166821  077.70868612 180.53 gate heavy|jets New Ramp Start 13
1300  13.20168306  077.70826677 180.53 gate heavy|jets New Ramp Start 13
1300  13.20174244  077.70746619 180.53 gate heavy|jets New Ramp Start 13
1300  13.20343336  077.70792857   0.00 tie_down heavy|jets New Ramp Start 13
1300  13.20345129  077.70756633   0.00 tie_down heavy|jets New Ramp Start 12
1300  13.20346922  077.70698920   0.00 tie_down heavy|jets New Ramp Start 11
1300  13.20343028  077.70470278   0.00 tie_down heavy|jets New Ramp Start 10
1300  13.20341986  077.70564484   0.00 tie_down heavy|jets New Ramp Start 10
1300  13.20345633  077.70659762   0.00 tie_down heavy|jets New Ramp Start 10
1300  13.20343028  077.70756644   0.00 tie_down heavy|jets New Ramp Start 10
1300  13.20343028  077.70850851   0.00 tie_down heavy|jets New Ramp Start 10
1300  13.20343028  077.70946845   0.00 tie_down heavy|jets New Ramp Start 10
1300  13.20342167  077.71041512   0.00 tie_down heavy|jets New Ramp Start 10
1300  13.20340757  077.70985051   0.00 tie_down heavy|jets New Ramp Start 9
1300  13.20344985  077.70660767   0.00 tie_down heavy|jets New Ramp Start 8
1300  13.20347804  077.70227906   0.00 tie_down heavy|jets New Ramp Start 7
1300  13.20313977  077.70000617   0.00 tie_down heavy|jets New Ramp Start 6
1300  13.20311159  077.69962977   0.00 tie_down heavy|jets New Ramp Start 5
18  13.20593756  077.70380348 1 New Airport Beacon 30
19  13.20618770  077.68703166 0 New Windsock 17
19  13.20578242  077.72207113 0 New Windsock 16
54 12435 Bangalore Tower
55 12125 Bangalore Approach
53 12165 Bangalore Ground
1200 
1201  13.20254076  077.70370069 both 0 taxi_stop
1201  13.20703009  077.69606330 both 1 taxi_stop
1201  13.20701541  077.70125147 both 2 taxi_stop
1201  13.20258078  077.71172157 both 3 taxi_stop
1201  13.20262206  077.71072536 both 4 taxi_stop
1201  13.20256015  077.71019546 both 5 taxi_stop
1201  13.20260142  077.70922045 both 6 taxi_stop
1201  13.20258078  077.70807587 both 7 taxi_stop
1201  13.20262206  077.70733401 both 8 taxi_stop
1201  13.20258078  077.70654976 both 9 taxi_stop
1201  13.20694054  077.70896146 both 10 taxi_stop
1201  13.20519021  077.71177148 both 11 taxi_stop
1201  13.20682561  077.72236365 both 12 taxi_stop
1201  13.20635255  077.72281293 both 13 taxi_stop
1201  13.20537832  077.72279117 both 14 taxi_stop
1201  13.20508182  077.72232347 both 15 taxi_stop
1201  13.20527678  077.69837935 both 16 taxi_stop
1201  13.20526053  077.70385653 both 17 taxi_stop(split)
1201  13.20530969  077.69333287 both 18 taxi_stop
1201  13.20537005  077.68651340 both 19 taxi_stop
1201  13.20562464  077.68617835 both 20 taxi_stop
1201  13.20657141  077.68618652 both 21 taxi_stop
1201  13.20711948  077.68660034 both 22 taxi_start
1201  13.20186514  077.69632680 both 23 taxi_stop
1201  13.20188049  077.69320699 both 24 taxi_stop
1202 23 0 twoway taxiway taxi
1202 0 9 twoway taxiway taxi
1202 17 0 twoway taxiway taxi
1202 11 3 twoway taxiway taxi
1202 11 15 twoway taxiway taxi
1202 16 17 twoway taxiway taxi
1202 17 11 twoway taxiway unnamed entity
1202 18 1 twoway taxiway taxi
1202 16 2 twoway taxiway taxi
1202 4 3 twoway taxiway taxi
1202 5 4 twoway taxiway taxi
1202 6 5 twoway taxiway taxi
1202 7 6 twoway taxiway taxi
1202 8 7 twoway taxiway taxi
1202 9 8 twoway taxiway taxi
1202 11 10 twoway taxiway taxi
1202 10 12 twoway runway 09/27
1202 2 10 twoway runway 09/27
1202 1 2 twoway runway 09/27
1202 22 1 twoway runway 09/27
1202 13 12 twoway taxiway taxi
1202 14 13 twoway taxiway taxi
1202 15 14 twoway taxiway taxi
1202 18 16 twoway taxiway taxi
1202 19 18 twoway taxiway taxi
1202 21 20 twoway taxiway taxi
1202 22 21 twoway taxiway taxi
1202 24 23 twoway taxiway taxi
1202 18 24 twoway taxiway taxi
99
