I
1000 Generated by WorldEditor

1     82 1 0 VOBZ VIJAYAWADA
100 47.83 1 1 0.25 0 1 0 08  16.52889274  080.78889512  300   61 2 7 0 1 26  16.53359313  080.81091012    0   69 2 7 0 1
110 1 0.00 0.0000 New Taxiway 55
111  16.52963413  080.79389763
112  16.52925741  080.79392882  16.52914379  080.79391011
112  16.52896440  080.79387892  16.52893450  080.79387892
111  16.52879697  080.79391634
111  16.52885078  080.79435297
111  16.52907203  080.79432178
112  16.52916771  080.79429059  16.52922153  080.79424069
111  16.52927535  080.79415337
112  16.52941288  080.79406604  16.52946670  080.79406604
113  16.52965805  080.79404733
110 2 0.00 0.0000 New Taxiway 52
111  16.52970137  080.79421013 51 102
112  16.52948392  080.79437457  16.52922299  080.79442560 51 102
111  16.52791831  080.79474314 51 102
111  16.52672780  080.79500965 51 102
111  16.52724967  080.79736852 51 102
111  16.52783677  080.79722109 51 102
112  16.52803791  080.79724945  16.52811401  080.79728914 51 102
111  16.52810314  080.79732883 51 102
111  16.52821730  080.79777679 51 102
111  16.52856521  080.79768606
111  16.52838365  080.79694665 51 102
112  16.52803247  080.79516275  16.52806509  080.79501532 51 102
111  16.52816294  080.79502099 51 102
112  16.52841300  080.79496429  16.52850542  080.79494160 51 102
111  16.52870655  080.79490758 51 102
111  16.52963070  080.79467509 51 102
111  16.52973184  080.79467509 51 102
112  16.52976322  080.79468860  16.52978899  080.79470264 51 102
113  16.52981383  080.79473226
110 1 0.00 0.0000 New Taxiway 54
111  16.52883604  080.79000951
111  16.52865714  080.79004824
111  16.52883941  080.79091790
113  16.52908919  080.79121366
110 2 0.00 0.0000 New Taxiway 56
111  16.52881491  080.79389763
111  16.52867139  080.79367308
111  16.52850994  080.79369180
111  16.52809135  080.79387268
111  16.52822889  080.79467731
113  16.52888068  080.79452761
110 1 0.00 0.0000 New Taxiway 53
111  16.52860711  080.78891621
112  16.52834204  080.78944576  16.52842740  080.78965195
112  16.52864305  080.78978317  16.52870146  080.78980660
113  16.52880029  080.78986284
110 1 0.00 0.0000 New Taxiway 51
111  16.53026603  080.79687898 51 102
112  16.53009306  080.79698724  16.52995469  080.79701817 51 102
111  16.52968288  080.79708003 51 102
111  16.52937154  080.79713158 51 102
112  16.52925787  080.79709549  16.52919857  080.79704394 51 102
111  16.52919857  080.79702332 51 102
111  16.52913432  080.79679651 51 102
111  16.52839797  080.79695631 51
111  16.52860554  080.79806978 51 102
111  16.52940613  080.79789966 51 102
111  16.52936165  080.79778110 51 102
112  16.52939625  080.79755428  16.52946049  080.79747696 51 102
111  16.52946049  080.79747696 51 102
111  16.53013754  080.79733262 51 102
112  16.53030062  080.79730169  16.53032533  080.79731716 51 102
113  16.53038958  080.79737901
110 2 0.00 0.0000 New Taxiway 50
111  16.53260242  080.80479405
112  16.53275517  080.80473781  16.53279561  080.80471906
111  16.53283155  080.80462534
112  16.53287198  080.80450818  16.53288546  080.80448006
111  16.53291242  080.80445663
111  16.53327632  080.80442851
112  16.53331676  080.80441913  16.53333024  080.80441445
111  16.53336618  080.80448474
112  16.53349197  080.80448474  16.53356385  080.80448474
111  16.53353690  080.80442382
112  16.53353690  080.80429729  16.53353690  080.80427386
111  16.53350096  080.80425042
112  16.53338415  080.80426917  16.53327183  080.80429260
111  16.53326734  080.80435352
112  16.53293488  080.80438164  16.53288097  080.80438633
112  16.53286749  080.80435352  16.53286749  080.80430666
112  16.53271474  080.80401142  16.53264735  080.80392706
113  16.53242721  080.80386614
110 1 0.00 0.0000 New Taxiway 49
111  16.53391394  080.81093421
111  16.53411036  080.81088812
111  16.53392843  080.81000505
113  16.53366109  080.80971457
120 Linear Feature 60
111  16.52830046  080.79755812 1
115  16.52882024  080.79743569
120 Linear Feature 59
111  16.53015191  080.79715583 1
116  16.53070204  080.79738038  16.53079174  080.79776087
120 Linear Feature 58
111  16.53055255  080.79666307 1
112  16.53015789  080.79714959  16.52976322  080.79723692 1
111  16.52939248  080.79729929 1
112  16.52911143  080.79708722  16.52905761  080.79691881 1
111  16.52879208  080.79699859 1
112  16.52860315  080.79720573  16.52863903  080.79733672 1
112  16.52881451  080.79744039  16.52899391  080.79741544 1
111  16.52939248  080.79729929 1
112  16.52923474  080.79756751  16.52921863  080.79775096 1
112  16.52911534  080.79781872  16.52900172  080.79784990 1
112  16.52876460  080.79781077  16.52873760  080.79767354 1
116  16.52881408  080.79743717  16.52902337  080.79739975
120 Linear Feature 57
111  16.52943676  080.79141065 1 101
111  16.52891357  080.79085434 1 101
111  16.52876167  080.79013256 1 101
116  16.52918023  080.79023819  16.52903846  080.79061140
120 Default hold RWY 08 (centre)
111  16.52974865  080.79706965 4 103
115  16.52981377  080.79740378
21  16.53053516  080.79364001 2 78.6700 3.0 08  PAPI-4L
21  16.53237966  080.80826047 2 258.6800 3.0 26  PAPI-4L
18  16.52815996  080.79932745 1 BCN
19  16.52913534  080.79583668 1 WS
19  16.53396191  080.80742387 1 WS
54 11855 TWR
50 12840 ATIS
99
