I
1000 Generated by WorldEditor

1     28 1 0 VOCI COCHIN INTL
100 45.11 1 0 0.25 0 3 0 09  10.15142800  076.38641100    0   59 2 7 0 0 27  10.15256400  076.41740000    0   59 3 1 0 0
110 2 0.00 0.0000 buildings
111  10.15595163  076.39450467
112  10.15766040  076.39424309  10.15796470  076.39424309
111  10.15801152  076.39407663
112  10.15784766  076.38903529  10.15782425  076.38896395
113  10.15570982  076.38879431
110 2 0.00 0.0000 street2
111  10.15239051  076.41793895
112  10.15247255  076.42022722  10.15247255  076.42024238
112  10.15236067  076.42040907  10.15232338  076.42038634
112  10.15230100  076.42037119  10.15228609  076.42038634
111  10.15227863  076.42077277
112  10.15249806  076.42588316  10.15252208  076.42663974
111  10.15302658  076.42607841
112  10.15345901  076.42551707  10.15366322  076.42522420
112  10.15361517  076.42489472  10.15363919  076.42485811
112  10.15348794  076.42190367  10.15347702  076.42167071
111  10.15357530  076.42161524
112  10.15452516  076.42154410  10.15479974  076.42155549
112  10.15482215  076.42132777  10.15482776  076.42121392
111  10.15482215  076.42100328
112  10.15517776  076.42100823  10.15550808  076.42100823
111  10.15546845  076.42059211
111  10.15473709  076.40647351
112  10.15473709  076.40539743  10.15479169  076.40505353
111  10.15519573  076.40506462
112  10.15581816  076.40524212  10.15593828  076.40530868
111  10.15612392  076.40525322
112  10.15630956  076.40506462  10.15633140  076.40494260
111  10.15653888  076.40493150
111  10.15694292  076.40489822
112  10.15689923  076.40475401  10.15687739  076.40474291
112  10.15652796  076.40472072  10.15640784  076.40472072
112  10.15622220  076.40490931  10.15616760  076.40502025
112  10.15589460  076.40507572  10.15566528  076.40499806
111  10.15513021  076.40489822
112  10.15479169  076.40505353  10.15452961  076.40518665
111  10.15454053  076.40566368
112  10.15486228  076.41544999  10.15489060  076.41585281
112  10.15526301  076.42069215  10.15523839  076.42084217
111  10.15513994  076.42077550
112  10.15331116  076.42088559  10.15324336  076.42088559
112  10.15323720  076.42107345  10.15321870  076.42117365
112  10.15317556  076.42129889  10.15312008  076.42131767
111  10.15302762  076.42116738
111  10.15263312  076.42107345
111  10.15263928  076.42126758
112  10.15290434  076.42126131  10.15298447  076.42126758
112  10.15315706  076.42141787  10.15330500  076.42151806
111  10.15332966  076.42133646
112  10.15341595  076.42109850  10.15344677  076.42102336
111  10.15353307  076.42101709
111  10.15466725  076.42094821
112  10.15470423  076.42120496  10.15471656  076.42130515
112  10.15452547  076.42136777  10.15445151  076.42139282
112  10.15392757  076.42135525  10.15387825  076.42134272
112  10.15337280  076.42141160  10.15328651  076.42141787
111  10.15329267  076.42166835
112  10.15336070  076.42468318  10.15334714  076.42497938
112  10.15329968  076.42535134  10.15329968  076.42536512
112  10.15289285  076.42597128  10.15277759  076.42614349
111  10.15271656  076.42583352
113  10.15253418  076.41789876
110 2 0.00 0.0000 street3
112  10.15610492  076.38554544  10.15619516  076.38555378
111  10.15622798  076.38565379
111  10.15624439  076.38674566
112  10.15599826  076.38689568  10.15564548  076.38691235
111  10.15567829  076.38732076
111  10.15570290  076.38920443
111  10.15573368  076.38955090
112  10.15589445  076.38864055  10.15590437  076.38791411
111  10.15590909  076.38734679
112  10.15622113  076.38718457  10.15651448  076.38718800
111  10.15646523  076.38681261
112  10.15644149  076.38560014  10.15642061  076.38530676
113  10.15608659  076.38537392
110 2 0.00 0.0000 street1
111  10.15609004  076.38536941
112  10.15562346  076.38508703  10.15560360  076.38470379
111  10.15556389  076.38276746
112  10.15540506  076.38248508  10.15515688  076.38248508
111  10.14977274  076.38233217
112  10.14967665  076.38242979  10.14968866  076.38257623
111  10.14976073  076.38391854
112  10.14968866  076.38411378  10.14966464  076.38412599
112  10.14961659  076.38441886  10.14964061  076.38454088
111  10.15102325  076.42065915
112  10.15139359  076.42077967  10.15153429  076.42077967
111  10.15230810  076.42079754
111  10.15230810  076.42049381
111  10.15227293  076.42036875
112  10.15214982  076.42036875  10.15209706  076.42044021
112  10.15204430  076.42051168  10.15202671  076.42051168
111  10.15142877  076.42051168
112  10.15123531  076.42042235  10.15123531  076.42029728
111  10.14977392  076.38445000
112  10.14977392  076.38423914  10.14982807  076.38419330
112  10.14993637  076.38404660  10.14995442  076.38396409
111  10.14992734  076.38256136
112  10.15008076  076.38251552  10.15013491  076.38253386
111  10.15513876  076.38272338
112  10.15538992  076.38307838  10.15541176  076.38332244
111  10.15545544  076.38513069
112  10.15589224  076.38555225  10.15613248  076.38555225
113  10.15612156  076.38554116
110 12 0.00 0.0000 sand
111  10.15031942  076.38506496
112  10.15017747  076.38503168  10.15015563  076.38498731
112  10.15001367  076.38482090  10.15000275  076.38479872
112  10.15003551  076.38446592  10.15007919  076.38444373
112  10.15037402  076.38435498  10.15041770  076.38436607
112  10.15050506  076.38474325  10.15048322  076.38482090
112  10.15071254  076.38487637  10.15073438  076.38487637
112  10.15096370  076.38479872  10.15096370  076.38478763
112  10.15098554  076.38449920  10.15095278  076.38442154
112  10.15084358  076.38428842  10.15084358  076.38427733
112  10.15100738  076.38428842  10.15102922  076.38428842
112  10.15098554  076.38414420  10.15094186  076.38413311
111  10.15085450  076.38416639
111  10.15078898  076.38421077
112  10.15071254  076.38421077  10.15070162  076.38418858
111  10.15072346  076.38403327
111  10.15075622  076.38397780
111  10.15067978  076.38381140
112  10.15073438  076.38365609  10.15074530  076.38364500
111  10.15081082  076.38355625
111  10.15087634  076.38348969
111  10.15092002  076.38340094
111  10.15083266  076.38312361
111  10.15077806  076.38300158
111  10.15065794  076.38281299
112  10.15050506  076.38272424  10.15048322  076.38273534
111  10.15041770  076.38287955
111  10.15031942  076.38286846
111  10.15022114  076.38280190
112  10.15014471  076.38276862  10.15012287  076.38275753
112  10.15000275  076.38283518  10.14999183  076.38289065
112  10.14999183  076.38372265  10.14998091  076.38378921
112  10.14988263  076.38411093  10.14983895  076.38415530
112  10.14978435  076.38425514  10.14978435  076.38429951
112  10.14993723  076.38615212  10.14994815  076.38618540
111  10.14994815  076.38676226
112  10.14987171  076.38746114  10.14984987  076.38773848
112  10.15009452  076.39129250  10.15009452  076.39136571
112  10.15020262  076.39176840  10.15020262  076.39201246
112  10.15017860  076.39245176  10.15016659  076.39253718
112  10.15015458  076.39284225  10.15015458  076.39293987
112  10.15020262  076.39333036  10.15021464  076.39335476
112  10.15021464  076.39365983  10.15020262  076.39378186
112  10.15026268  076.39409913  10.15027470  076.39418455
112  10.15032274  076.39444081  10.15032274  076.39450183
112  10.15035878  076.39478249  10.15043085  076.39481910
112  10.15051493  076.39497773  10.15053896  076.39502654
112  10.15058701  076.39520959  10.15059902  076.39522179
111  10.15076718  076.39528280
111  10.15071914  076.39501434
111  10.15059902  076.39481910
111  10.15053896  076.39470927
111  10.15056298  076.39444081
112  10.15046689  076.39435539  10.15043085  076.39434319
112  10.15039482  076.39430658  10.15039482  076.39428218
112  10.15038280  076.39407473  10.15039481  076.39397711
112  10.15043085  076.39385508  10.15044286  076.39381847
112  10.15045487  076.39373305  10.15043085  076.39368424
112  10.15035878  076.39352560  10.15035878  076.39350120
112  10.15038280  076.39340358  10.15039481  076.39340358
111  10.15053896  076.39340358
112  10.15069511  076.39347679  10.15070712  076.39347679
112  10.15074316  076.39342798  10.15074316  076.39340358
112  10.15064707  076.39333036  10.15059902  076.39333036
111  10.15039482  076.39334256
112  10.15035878  076.39309851  10.15035878  076.39286665
112  10.15041884  076.39221991  10.15043085  076.39208567
112  10.15040683  076.39159756  10.15037079  076.39146333
112  10.15033475  076.39129250  10.15032274  076.39120708
112  10.15032274  076.39104844  10.15033475  076.39092641
112  10.15034677  076.39016984  10.15034677  076.38998680
112  10.15037079  076.38946208  10.15040683  076.38938886
112  10.15033475  076.38913260  10.15026268  076.38909600
111  10.15020262  076.38910820
112  10.15023866  076.38870551  10.15028671  076.38860788
112  10.15024817  076.38736608  10.15022109  076.38720105
112  10.15014890  076.38687100  10.15015792  076.38666013
112  10.15014890  076.38643093  10.15013987  076.38628424
111  10.15004962  076.38615588
112  10.15006767  076.38603670  10.15007670  076.38599086
112  10.15013085  076.38583500  10.15013987  076.38583500
112  10.15022109  076.38582583  10.15023914  076.38582583
111  10.15029329  076.38586250
112  10.15049184  076.38562413  10.15050086  076.38560579
112  10.15057306  076.38555079  10.15059111  076.38555079
112  10.15065428  076.38542243  10.15066331  076.38533992
112  10.15068136  076.38525740  10.15069038  076.38519323
112  10.15095210  076.38516572  10.15097015  076.38516572
111  10.15200799  076.38520239
112  10.15189970  076.38489985  10.15184555  076.38488151
112  10.15169213  076.38491818  10.15164700  076.38492735
112  10.15081673  076.38503737  10.15078063  076.38503737
111  10.15053696  076.38500986
113  10.15040159  076.38498236
110 1 0.00 0.0000 New Taxiway 1
111  10.15123482  076.38624015
111  10.15092661  076.38624015
112  10.15092045  076.38671606  10.15095127  076.38676616
114  10.15127180  076.38716067  10.15127180  076.38722955
110 2 0.00 0.0000 New Taxiway 42
111  10.15369818  076.38653152
112  10.15402522  076.38648266  10.15427531  076.38646311
112  10.15481398  076.38688331  10.15518912  076.38691262
112  10.15532378  076.38614064  10.15530454  076.38577908
112  10.15444846  076.38581817  10.15431379  076.38599406
111  10.15392903  076.38621882
113  10.15365970  076.38620904
110 2 0.00 0.0000 apron
111  10.15573861  076.38911769
111  10.15415094  076.38913864
111  10.15466642  076.40151819
113  10.15615099  076.40143440
110 1 0.00 0.0000 New Taxiway 40
112  10.15164828  076.38701767  10.15169949  076.38652343
112  10.15260849  076.38652343  10.15310781  076.38652343
111  10.15305659  076.38695264
112  10.15327216  076.39187936  10.15330707  076.39270705
112  10.15242251  076.39273069  10.15205007  076.39278981
111  10.15178237  076.39215132
112  10.15185220  076.39370662  10.15189234  076.39330117
112  10.15285703  076.39307247  10.15339665  076.39305098
112  10.15337853  076.39432522  10.15338728  076.39498261
111  10.15315992  076.39536460
112  10.15228912  076.39702498  10.15210122  076.39751688
111  10.15192054  076.39648169
112  10.15209399  076.39955790  10.15211727  076.39884250
111  10.15225298  076.39811157
112  10.15293231  076.39654042  10.15325752  076.39590169
111  10.15349600  076.39653308
112  10.15367279  076.40233925  10.15366484  076.40293687
111  10.15326736  076.40296918
112  10.15267909  076.40304186  10.15224982  076.40304994
111  10.15218622  076.40253307
112  10.15227367  076.40401098  10.15237587  076.40340211
112  10.15318787  076.40340528  10.15380793  076.40334875
111  10.15375228  076.40394637
112  10.15413801  076.41673664  10.15412606  076.41702789
111  10.15392897  076.41711890
112  10.15317642  076.41714317  10.15285389  076.41714317
111  10.15271055  076.41671844
112  10.15277028  076.41777421  10.15279417  076.41756184
111  10.15304502  076.41756791
112  10.15436612  076.41746065  10.15467561  076.41742204
111  10.15462132  076.41716279
112  10.15414669  076.40393626  10.15410437  076.40335580
111  10.15445354  076.40335580
111  10.15740560  076.40349554
111  10.15749024  076.40296883
112  10.15483804  076.40308135  10.15383767  076.40309112
111  10.15402043  076.40273933
112  10.15400025  076.40173943  10.15399230  076.40143254
112  10.15434208  076.40099644  10.15457262  076.40100451
111  10.15466801  076.40136793
112  10.15464416  076.40024537  10.15463621  076.40047150
112  10.15433413  076.40060879  10.15405590  076.40060879
111  10.15395255  076.40029383
112  10.15394176  076.39962277  10.15392731  076.39927036
112  10.15423084  076.39904277  10.15450546  076.39905745
111  10.15462832  076.39970353
112  10.15455605  076.39824985  10.15452714  076.39847745
112  10.15423806  076.39863162  10.15392008  076.39863162
111  10.15387672  076.39824985
112  10.15378058  076.39732260  10.15377461  076.39704350
112  10.15422109  076.39661127  10.15442742  076.39662231
111  10.15454687  076.39719046
112  10.15450343  076.39595487  10.15450343  076.39612035
112  10.15417222  076.39626928  10.15378671  076.39626928
111  10.15379215  076.39605967
112  10.15377954  076.39452635  10.15373979  076.39414678
112  10.15421316  076.39391507  10.15438691  076.39392610
111  10.15446836  076.39422948
112  10.15440863  076.39312077  10.15441949  076.39326418
112  10.15415344  076.39360066  10.15384938  076.39361169
112  10.15367468  076.39281619  10.15363493  076.39246892
112  10.15411985  076.39213780  10.15434244  076.39212165
111  10.15438219  076.39254160
112  10.15429474  076.39136251  10.15428679  076.39148365
112  10.15401651  076.39174208  10.15366673  076.39175016
111  10.15361108  076.39106370
112  10.15344023  076.38722174  10.15345468  076.38658300
111  10.15371485  076.38653161
111  10.15367872  076.38619389
112  10.15183066  076.38626575  10.15161348  076.38627126
113  10.15162434  076.38617749
130 Airport Boundary 6
111  10.15834852  076.38546823
111  10.15585090  076.38515434
111  10.15561917  076.38232933
111  10.14956824  076.38219854
111  10.15092624  076.42074954
111  10.15214197  076.42093139
111  10.15248488  076.42616551
111  10.15281903  076.42639777
111  10.15376871  076.42532580
111  10.15362802  076.42175259
111  10.15492943  076.42162753
111  10.15496460  076.42123448
111  10.15568566  076.42119874
111  10.15498618  076.40556816
113  10.15842119  076.40498221
120 Linear Feature 64
111  10.15443775  076.39649964 1
116  10.15466974  076.39680014  10.15468328  076.39712028
120 Linear Feature 63
111  10.15443950  076.39649618 1
116  10.15464911  076.39628659  10.15466014  076.39602882
120 Linear Feature 62
111  10.15392157  076.39650283 1
116  10.15366582  076.39696643  10.15368237  076.39737550
120 Linear Feature 61
111  10.15409688  076.39883996 1
116  10.15375072  076.39935206  10.15375678  076.39988825
120 Linear Feature 60
111  10.15447307  076.39883380 1
116  10.15475825  076.39920980  10.15478252  076.39959197
120 Linear Feature 59
111  10.15370856  076.39834067 1
112  10.15409688  076.39883996  10.15440026  076.39883380 1
111  10.15446701  076.39883380 1
116  10.15473398  076.39851327  10.15473398  076.39813726
120 Linear Feature 58
111  10.15398772  076.40086649 1
116  10.15379241  076.40056743  10.15377260  076.40026261
120 Linear Feature 65
111  10.15466128  076.39360770 1
116  10.15466411  076.39398153  10.15466977  076.39412818
120 Linear Feature 57
111  10.15446592  076.39374942 1
112  10.15466463  076.39396757  10.15465575  076.39419319 1
111  10.15464852  076.39630380 1
111  10.15481884  076.40071939 1
112  10.15453973  076.40083034  10.15426669  076.40083650 1
111  10.15398758  076.40086732 1
116  10.15381851  076.40115175  10.15383468  076.40148713
120 Linear Feature 56
111  10.15394173  076.39194192 1
112  10.15351543  076.39258207  10.15354065  076.39324734 1
111  10.15354323  076.39337626 1
116  10.15386905  076.39381250  10.15415170  076.39378789
120 Linear Feature 55
111  10.15348252  076.39143212 1
112  10.15394365  076.39193758  10.15432591  076.39191908 1
111  10.15442299  076.39190059 1
112  10.15459288  076.39206825  10.15458074  076.39229632 1
111  10.15466048  076.39360739 1
112  10.15446666  076.39374687  10.15428092  076.39373046 1
111  10.15385289  076.39380430 1
116  10.15357831  076.39441141  10.15358639  076.39496931
120 Linear Feature 54
111  10.15367246  076.38632950 1
116  10.15328975  076.38730235  10.15328975  076.38836145
120 Linear Feature 53
111  10.15279146  076.38635188 1
111  10.15434056  076.38631458 1
112  10.15453144  076.38614304  10.15466360  076.38600133 1
112  10.15486916  076.38605354  10.15500866  076.38609083 1
112  10.15501600  076.38638171  10.15495726  076.38650850 1
112  10.15472233  076.38659055  10.15464891  076.38651596 1
116  10.15431119  076.38632204  10.15403221  076.38630713
120 Linear Feature 52
111  10.15215181  076.39299074 1
116  10.15168154  076.39370202  10.15168705  076.39426239
120 Linear Feature 51
111  10.15324621  076.39279783 1
116  10.15353599  076.39319710  10.15357153  076.39354906
120 Linear Feature 50
111  10.15163456  076.39235777 1
112  10.15215052  076.39299112  10.15253748  076.39294744 1
111  10.15324692  076.39279456 1
116  10.15350489  076.39225949  10.15349228  076.39173967
120 Linear Feature 49
111  10.15229685  076.39736966 1
116  10.15187690  076.39885463  10.15188497  076.39955199
120 Linear Feature 48
111  10.15337107  076.39560640 1
112  10.15363804  076.39603665  10.15362967  076.39640592 1
112  10.15393171  076.39649463  10.15396508  076.39650820 1
115  10.15444822  076.39649525
120 Linear Feature 47
111  10.15357636  076.39438385 1
112  10.15335648  076.39561198  10.15319879  076.39589871 1
111  10.15230607  076.39737433 1
116  10.15183525  076.39734726  10.15176418  076.39675162
120 Linear Feature 46
111  10.15251246  076.40329368 1
116  10.15206903  076.40416097  10.15207317  076.40487669
120 Linear Feature 45
111  10.15346148  076.40314212 1
116  10.15390906  076.40375259  10.15390492  076.40434201
120 Linear Feature 44
111  10.15386540  076.40263880 1
112  10.15345806  076.40314465  10.15311990  076.40318429 1
111  10.15250860  076.40328999 1
116  10.15203135  076.40275459  10.15197996  076.40203858
120 Linear Feature 43
111  10.15142342  076.38710092 1
112  10.15195737  076.38636864  10.15255138  076.38634830 1
111  10.15278498  076.38634830 1
112  10.15329223  076.38730433  10.15332560  076.38835530 1
111  10.15348315  076.39166678 1
111  10.15436481  076.41672208 1
112  10.15395294  076.41730458  10.15353299  076.41735381 1
111  10.15299191  076.41735381 1
116  10.15253966  076.41696821  10.15248313  076.41650056
120 Linear Feature 10
111  10.15460700  076.39067679 1
112  10.15503232  076.39093980  10.15534668  076.39093980 1
111  10.15558091  076.39092101 1
111  10.15495219  076.39093980 1
112  10.15460084  076.39137815  10.15458234  076.39181023 1
112  10.15498917  076.39202940  10.15524806  076.39203566 1
111  10.15561790  076.39200435 1
111  10.15497068  076.39203566 1
112  10.15460084  076.39256168  10.15463165  076.39316910 1
112  10.15496380  076.39306160  10.15509940  076.39306160 1
111  10.15564800  076.39304907 1
111  10.15487750  076.39306786 1
112  10.15465989  076.39361473  10.15467015  076.39414933 1
112  10.15495053  076.39413582  10.15506148  076.39412330 1
111  10.15566896  076.39409171 1
111  10.15495199  076.39413867 1
116  10.15466176  076.39453319  10.15466773  076.39492753
120 Linear Feature 9
111  10.15459683  076.39137776 1
116  10.15442156  076.39189993  10.15425925  076.39193722
120 Linear Feature 8
111  10.15459295  076.39207277 1
111  10.15460116  076.39068086 1
112  10.15473243  076.39012242  10.15489651  076.39008908 1
115  10.15557747  076.39004741
21  10.15189576  076.38822303 2 87.8600 3.0 09  PAPI-4L
21  10.15200467  076.41308212 2 267.8700 3.0 27  PAPI-4L
14  10.15660705  076.39050965  82.02 0 New Tower Viewpoint 1
18  10.15341659  076.40185111 1 BCN
19  10.15202139  076.38597582 1 WS
19  10.15197057  076.41783512 1 WS
50 12620 ATIS
53 12175 GND
54 11880 TWR
55 11975 APP
99
