I
1000 Generated by WorldEditor

1    340 1 0 VOCL CALICUT
100 45.72 1 1 0.25 0 3 0 10  11.13941757  075.94201082    0   58 2 7 0 1 28  11.13448657  075.96773282  320   86 3 7 0 1
110 2 0.00 0.0000 buildings
111  11.13985197  075.95083019
111  11.13984363  075.95192591
111  11.13994364  075.95192591
112  11.14076871  075.95182398  11.14086038  075.95176452
112  11.14125208  075.94942018  11.14126875  075.94908043
112  11.14115207  075.94909741  11.14115207  075.94902097
112  11.14090205  075.94875765  11.14083538  075.94868970
112  11.14065203  075.94850283  11.14062703  075.94843488
113  11.14037701  075.94803567
110 2 0.00 0.0000 apron
112  11.13796829  075.95063389  11.13804229  075.95043664
112  11.13859415  075.95049545  11.13895715  075.95056108
111  11.13893699  075.95077846
112  11.13881745  075.95134701  11.13875484  075.95157327
112  11.13825332  075.95154457  11.13792519  075.95146915
111  11.13788392  075.95101052
112  11.13769608  075.95201418  11.13774731  075.95178212
112  11.13831691  075.95178987  11.13857495  075.95185059
111  11.13858480  075.95198791
112  11.13835067  075.95304416  11.13833814  075.95313989
111  11.13843207  075.95313989
112  11.13898934  075.95324199  11.13915840  075.95326752
111  11.13898934  075.95331219
112  11.13774957  075.95308883  11.13747406  075.95304416
111  11.13752415  075.95285909
112  11.13744902  075.95328028  11.13755546  075.95308883
111  11.13764312  075.95317180
112  11.13887663  075.95339515  11.13906448  075.95342706
111  11.13901438  075.95355469
112  11.13898934  075.95389292  11.13897056  075.95396312
111  11.13905822  075.95396950
112  11.13930241  075.95401417  11.13940886  075.95402694
111  11.13942138  075.95396950
112  11.13942764  075.95378443  11.13942764  075.95367595
111  11.13954035  075.95379082
112  11.13953409  075.95398227  11.13949652  075.95415457
111  11.13935877  075.95413543
111  11.13828179  075.95393759
111  11.13828805  075.95402055
111  11.13835693  075.95404608
111  11.13831936  075.95420562
112  11.13839450  075.95418010  11.13842581  075.95411628
111  11.13852599  075.95407799
112  11.13910205  075.95417371  11.13955287  075.95426306
111  11.13959670  075.95414181
112  11.13966343  075.95382423  11.13967198  075.95363680
111  11.13985160  075.95366295
111  11.14010393  075.95371962
112  11.14006544  075.95361501  11.14005688  075.95361501
111  11.14003122  075.95361501
112  11.13987726  075.95357578  11.13986443  075.95355398
112  11.13989437  075.95350168  11.13989437  075.95348860
112  11.13968053  075.95344065  11.13963349  075.95343630
112  11.13956934  075.95335784  11.13954368  075.95333604
111  11.13956074  075.95325088
112  11.14003163  075.95123197  11.14003163  075.95121652
112  11.13993313  075.95109297  11.13990283  075.95103892
111  11.13989525  075.95084588
111  11.14038627  075.94800520
111  11.13940151  075.94781955
112  11.13928967  075.94888276  11.13927684  075.94913121
111  11.13905446  075.94904839
112  11.13902024  075.94932735  11.13920414  075.94937094
111  11.13915710  075.94964118
112  11.13902024  075.95016423  11.13898603  075.95030807
111  11.13878930  075.95032987
112  11.13859258  075.95030371  11.13853698  075.95029499
112  11.13826755  075.95016423  11.13816063  075.95008577
113  11.13812210  075.94987653
111  11.13938723  075.95330826
112  11.13943010  075.95335027  11.13942680  075.95338052
111  11.13938888  075.95339060
111  11.13923224  075.95337884
112  11.13916464  075.95332674  11.13916464  075.95328305
113  11.13922894  075.95328641
111  11.13915292  075.95346446
111  11.13915691  075.95344616
111  11.13940231  075.95348479
113  11.13940032  075.95349699
112  11.13959188  075.95364193  11.13959188  075.95364932
112  11.13953395  075.95364193  11.13950498  075.95363209
111  11.13948084  075.95357058
113  11.13959671  075.95360011
110 1 0.00 0.0000 New Taxiway 6
112  11.13819805  075.94935156  11.13829213  075.94920336
111  11.13844609  075.94924695
111  11.13902772  075.94933848
112  11.13906621  075.94904645  11.13904483  075.94904209
112  11.13842471  075.94888953  11.13834345  075.94883723
113  11.13834345  075.94866288
110 1 0.00 0.0000 New Taxiway 1
111  11.13430830  075.96706796
111  11.13392259  075.96753126
111  11.13375040  075.96859826
113  11.13414299  075.96865442
110 1 0.00 0.0000 New Taxiway 2
111  11.13547656  075.96378911
112  11.13581014  075.96350143  11.13586146  075.96321811
113  11.13560486  075.96310479
110 1 0.00 0.0000 New Taxiway 4
111  11.13926701  075.94174695
111  11.13881540  075.94163667
111  11.13858018  075.94282095
113  11.13889537  075.94362165
130 Airport Boundary 39
111  11.14029632  075.94157010
111  11.13912699  075.94112320
111  11.13862353  075.94135493
111  11.13826624  075.94317567
111  11.13324732  075.96857461
111  11.13503114  075.96907310
111  11.13785073  075.95593659
111  11.14032507  075.95496895
111  11.14199073  075.94786764
113  11.13990095  075.94677678
120 Linear Feature 36
111  11.13917178  075.95123160 1
116  11.13899185  075.95141827  11.13895008  075.95163113
120 Linear Feature 35
111  11.13909145  075.95096634 1
112  11.13916857  075.95122833  11.13928103  075.95121850 1
115  11.13969552  075.95120868
120 Linear Feature 34
111  11.13938280  075.95033247 1
116  11.13918291  075.95047493  11.13915104  075.95065355
120 Linear Feature 33
111  11.13924930  075.95016910 1
112  11.13938207  075.95033149  11.13947236  075.95034231 1
115  11.13978039  075.95038291
120 Linear Feature 32
111  11.13949866  075.94984047 1
116  11.13927883  075.94995509  11.13925289  075.95010353
120 Linear Feature 31
111  11.13931022  075.94969556 1
112  11.13949776  075.94983994  11.13966136  075.94985824 1
115  11.13988481  075.94988874
120 Linear Feature 30
111  11.13950117  075.94939462 1
116  11.13933176  075.94951724  11.13931969  075.94961812
120 Linear Feature 29
111  11.13937323  075.94922731 1
112  11.13950117  075.94939215  11.13961222  075.94941184 1
115  11.13998640  075.94946105
120 Linear Feature 28
111  11.13954221  075.94891483 1
116  11.13943841  075.94877951  11.13945048  075.94867371
120 Linear Feature 27
111  11.13939908  075.94907037 1
115  11.13934919  075.94938109
120 Linear Feature 26
111  11.13941373  075.94897875 1
112  11.13954541  075.94891368  11.13966512  075.94894215 1
115  11.14008209  075.94903569
120 Linear Feature 25
111  11.13919389  075.94921490 1
112  11.13939953  075.94907081  11.13942523  075.94892344 1
111  11.13946379  075.94856321 1
112  11.13962342  075.94851668  11.13978636  075.94855033 1
115  11.14011927  075.94862544
120 Linear Feature 24
111  11.13920907  075.95034813 1
115  11.13913862  075.95068882
120 Linear Feature 21
111  11.13798951  075.95056343 3
112  11.13830551  075.95044434  11.13860558  075.95046329 3
111  11.13874366  075.95052283 3
112  11.13896141  075.95079618  11.13893220  075.95099104 3
111  11.13883722  075.95136156 3
112  11.13845136  075.95161134  11.13811398  075.95154584 3
111  11.13808185  075.95149791 3
116  11.13788935  075.95113560  11.13782509  075.95085724
120 Linear Feature 20
111  11.13822208  075.94928674 3
112  11.13847701  075.94921466  11.13865493  075.94923902 3
111  11.13901928  075.94930355 3
112  11.13918730  075.94957616  11.13915809  075.94978726 3
111  11.13904757  075.95017138 3
112  11.13868422  075.95034638  11.13839825  075.95028744 3
116  11.13810672  075.94990069  11.13803282  075.94957976
120 Linear Feature 19
111  11.13832750  075.94872966 3
112  11.13855885  075.94898510  11.13876127  075.94902767 3
111  11.13904403  075.94906370 3
112  11.13930429  075.94899492  11.13932357  075.94884428 3
111  11.13941996  075.94785857 3
115  11.14036071  075.94801298
120 rwyhold2
111  11.13887698  075.94930876 4
115  11.13890996  075.94903148
120 rwyhold2
111  11.13879149  075.95057209 4
115  11.13883237  075.95034586
120 rwyhold1
111  11.13847310  075.95188796 4
115  11.13853152  075.95158638
120 Linear Feature 12
111  11.13833271  075.95035871 1
116  11.13775543  075.95066167  11.13768474  075.95104155
120 Linear Feature 14
111  11.13806695  075.95163645 1
116  11.13749166  075.95204712  11.13738242  075.95256454
120 Linear Feature 13
111  11.13769257  075.95100403 1
112  11.13806969  075.95163406  11.13855568  075.95173313 1
111  11.13871290  075.95176911 1
112  11.13894341  075.95163486  11.13899046  075.95147664 1
111  11.13914100  075.95068552 1
116  11.13897335  075.95048334  11.13878047  075.95044019
120 Linear Feature 11
111  11.13793739  075.94968734 1
112  11.13833260  075.95035868  11.13882844  075.95046283 1
111  11.13897523  075.95048296 1
112  11.13921203  075.95034841  11.13926665  075.95014210 1
111  11.13934913  075.94937792 1
116  11.13919168  075.94922073  11.13902460  075.94918470
120 Linear Feature 10
111  11.13817615  075.94845969 1
112  11.13846076  075.94907465  11.13881938  075.94914476 1
111  11.13920645  075.94921969 1
111  11.13840953  075.94906304 1
116  11.13797692  075.94948655  11.13789154  075.94989846
120 Linear Feature 9
111  11.14036172  075.94800983 20
111  11.13983137  075.95072651 20
112  11.13984515  075.95100028  11.13987959  075.95105644 20
112  11.13994846  075.95121088  11.13995535  075.95126703 20
112  11.13988647  075.95172332  11.13986581  075.95178650 20
115  11.13975561  075.95222875
120 Linear Feature 22
111  11.13772947  075.95186145 3
112  11.13819991  075.95174258  11.13847206  075.95178220 3
111  11.13845262  075.95179805 3
112  11.13861202  075.95204373  11.13858481  075.95217845 3
111  11.13839041  075.95302247 3
112  11.13856148  075.95313342  11.13872088  075.95316512 3
111  11.13909594  075.95324180 3
111  11.13942817  075.95328503 3
112  11.13950946  075.95318416  11.13953774  075.95307970 3
115  11.13975374  075.95222708
120 Linear Feature 5
111  11.13932012  075.94250480 1
112  11.13940565  075.94233481  11.13943559  075.94229558 1
112  11.13942842  075.94209283  11.13936413  075.94200742 1
112  11.13923031  075.94198175  11.13917899  075.94196868 1
112  11.13899937  075.94202970  11.13893950  075.94208200 1
112  11.13885824  075.94232173  11.13885396  075.94242634 1
112  11.13906780  075.94305837  11.13916616  075.94318477 1
116  11.13912454  075.94356240  11.13909168  075.94372156
120 Linear Feature 3
111  11.13529694  075.96322247 1
112  11.13520713  075.96337938  11.13517719  075.96340554 1
112  11.13513015  075.96350579  11.13512159  075.96356245 1
112  11.13521996  075.96368014  11.13529266  075.96370629 1
112  11.13545945  075.96361040  11.13550222  075.96355373 1
112  11.13543379  075.96324862  11.13538675  075.96307427 1
116  11.13536536  075.96284326  11.13542096  075.96262969
21  11.13963780  075.94435558 2 101.0500 3.0 10  PAPI-4L
21  11.13458835  075.96298133 2 281.0600 3.0 28  PAPI-4L
14  11.14030531  075.95055102  82.02 0 New Tower Viewpoint 1
1300  11.13954778  075.95121443 356.63 gate heavy|jets|turboprops New Ramp Start 7
1300  11.13970482  075.95037745   5.44 gate jets|turboprops New Ramp Start 6
1300  11.13982293  075.94988504   0.00 misc heavy|jets|turboprops New Ramp Start 5
1300  11.13991270  075.94945599   4.09 gate heavy|jets|turboprops New Ramp Start 4
1300  11.13994276  075.94901247   6.34 gate heavy|jets|turboprops New Ramp Start 3
1300  11.13994826  075.94860383   4.09 gate heavy|jets|turboprops New Ramp Start 2
18  11.13825460  075.95558053 1 BCN
19  11.13999060  075.94214802 1 WS
19  11.13438740  075.96470689 1 WS
50 12700 ATIS
54 12295 TWR
54 12335 TWR
99
