I
1000 Generated by WorldEditor

1   2023 1 0 VOHS Rajiv Gandhi International Airport
100 45.72 1 0 0.00 1 2 1 09L  17.23065569  078.41211747  329    0 2 9 0 0 27R  17.23119382  078.45345257  359    0 2 9 0 0
100 60.96 1 0 0.00 1 2 1 09R  17.22858978  078.41279889    0   58 3 5 0 1 27L  17.22914380  078.45288283    0   59 3 5 0 1
110 2 0.00 360.0000 New Taxiway 83
111  17.23614780  078.43080136
111  17.23553447  078.43080677
111  17.23568813  078.43588451
113  17.23620805  078.43586727
110 2 0.00 360.0000 New Taxiway 16
112  17.23242511  078.45010193  17.23242227  078.45010193
111  17.23196396  078.45011683
111  17.23197534  078.45063840
113  17.23243650  078.45062350
110 1 0.00 360.0000 New Taxiway 10
111  17.22830942  078.41225813
111  17.22824443  078.41225865
111  17.22879409  078.45344369
113  17.22887798  078.45344321
110 1 0.00 360.0000 New Taxiway 30
111  17.23276746  078.44943607
112  17.23390600  078.44941097  17.23410393  078.44940429
111  17.23411989  078.44978867
111  17.23394111  078.44979870
111  17.23396396  078.45288517
111  17.23460309  078.45288149
111  17.23459357  078.44858666
112  17.23419306  078.44858363  17.23411470  078.44858363
112  17.23409649  078.44864136  17.23409649  078.44868694
112  17.23405586  078.44892092  17.23403264  078.44897865
111  17.23390204  078.44901815
111  17.23378885  078.44901511
112  17.23376854  078.44854716  17.23376273  078.44836788
111  17.23390888  078.44830589
111  17.23391106  078.44820544
112  17.23374822  078.44829496  17.23367857  078.44834965
111  17.23367567  078.44851374
111  17.23368762  078.44902159
113  17.23279450  078.44902354
110 1 0.00 360.0000 New Taxiway 28
111  17.22935588  078.44669142
111  17.22932704  078.44661122
113  17.22932126  078.44668796
110 1 0.00 360.0000 New Taxiway 27
112  17.22935686  078.44669115  17.22935588  078.44669142
111  17.22932126  078.44668796
111  17.22935231  078.44853602
113  17.22940978  078.44857279
110 1 0.00 360.0000 New Taxiway 26
111  17.22929829  078.44410516
111  17.22932761  078.44650900
111  17.22936227  078.44657109
111  17.22935269  078.44566195
112  17.22935588  078.44552491  17.22935588  078.44552240
113  17.22934842  078.44410792
110 1 0.00 360.0000 New Taxiway 25
111  17.22927024  078.44233287
111  17.22932770  078.44236630
111  17.22926725  078.43965293
113  17.22923319  078.43960194
110 1 0.00 360.0000 New Taxiway 24
111  17.22916510  078.43472935
111  17.22920416  078.43758566
111  17.22924005  078.43760599
113  17.22920114  078.43469161
110 1 0.00 360.0000 New Taxiway 23
111  17.22912828  078.43195581
111  17.22914188  078.43290947
111  17.22920432  078.43297264
113  17.22917255  078.43162693
110 1 0.00 360.0000 New Taxiway 22
111  17.22908019  078.42863471
111  17.22908869  078.42973533
111  17.22915090  078.42974125
113  17.22916942  078.42862581
110 1 0.00 360.0000 New Taxiway 21
111  17.23056315  078.42699636
111  17.23056603  078.42719462
113  17.23064470  078.42700138
110 1 0.00 360.0000 New Taxiway 20
111  17.22915090  078.42974125
111  17.22908869  078.42973533
111  17.22912828  078.43195581
112  17.22923008  078.43122157  17.22931491  078.43054063
112  17.23030117  078.42887453  17.23046569  078.42863229
111  17.23054796  078.42931593
112  17.23063476  078.43407144  17.23063476  078.43458659
112  17.23056124  078.43539189  17.23051033  078.43569980
111  17.23030108  078.43547479
112  17.22960439  078.43425460  17.22936192  078.43386113
111  17.22920432  078.43297264
111  17.22914188  078.43290947
111  17.22916510  078.43472935
111  17.22920114  078.43469161
111  17.23068568  078.43722599
112  17.23071072  078.43985045  17.23069668  078.44001590
112  17.23062293  078.44037254  17.23055270  078.44073285
111  17.23028499  078.44029712
112  17.22934943  078.43837658  17.22928347  078.43817216
111  17.22924005  078.43760599
111  17.22920416  078.43758566
111  17.22923319  078.43960194
112  17.23063108  078.44188578  17.23070303  078.44198121
112  17.23069104  078.44234785  17.23069344  078.44246085
112  17.23056872  078.44268435  17.23051115  078.44276722
112  17.23005239  078.44280081  17.22994704  078.44281084
112  17.22947136  078.44269386  17.22935962  078.44265375
111  17.22932770  078.44236630
111  17.22927024  078.44233287
111  17.22929829  078.44410516
111  17.22934842  078.44410792
112  17.22933523  078.44381235  17.22933523  078.44365490
112  17.22956476  078.44347535  17.22967030  078.44342010
112  17.23011114  078.44337867  17.23027736  078.44336762
112  17.23060979  078.44350021  17.23074963  078.44354717
111  17.23077094  078.44420665
111  17.23080709  078.44604967
112  17.23031043  078.44605970  17.23023700  078.44604967
112  17.23004226  078.44602962  17.22995606  078.44600956
112  17.22970705  078.44586250  17.22962086  078.44581904
111  17.22935588  078.44552491
111  17.22935269  078.44566195
112  17.22970386  078.44597280  17.22982837  078.44608310
111  17.23010292  078.44612655
112  17.22972621  078.44625690  17.22962724  078.44628364
111  17.22936227  078.44657109
111  17.22932761  078.44650900
112  17.22935588  078.44669142  17.22938142  078.44660117
112  17.22990850  078.44627361  17.23003620  078.44620677
111  17.23035225  078.44614660
111  17.23081516  078.44615329
112  17.23083093  078.44823829  17.23082803  078.44868193
112  17.23066306  078.44890035  17.23060878  078.44895383
112  17.23000038  078.44903070  17.22985991  078.44904407
112  17.22950874  078.44885021  17.22940978  078.44879005
111  17.22940978  078.44857279
111  17.22935231  078.44853602
111  17.22940202  078.45181238
111  17.22947465  078.45183596
112  17.22943904  078.44992592  17.22944484  078.44981957
112  17.22969734  078.44967068  17.22985115  078.44958560
112  17.23038912  078.44960079  17.23068515  078.44960991
111  17.23073739  078.44967979
111  17.23086509  078.44998973
112  17.23091104  078.45205893  17.23091954  078.45288640
111  17.23056392  078.45282722
111  17.23056392  078.45330404
112  17.23008366  078.45329537  17.22981869  078.45327803
111  17.22942122  078.45289657
111  17.22940933  078.45188794
111  17.22949853  078.45200001
111  17.22947465  078.45183596
111  17.22940202  078.45181238
111  17.22939241  078.45343156
112  17.22952396  078.45342779  17.22957622  078.45343156
111  17.22955640  078.45351458
111  17.22963309  078.45817369
111  17.22970696  078.45817369
111  17.22964353  078.45347033
111  17.23098545  078.45344342
111  17.23092532  078.44875926
113  17.23064470  078.42700138
110 1 0.00 360.0000 New Taxiway 19
111  17.23425030  078.44726241
111  17.23400342  078.44730204
111  17.23402504  078.44791335
111  17.23418903  078.44791712
111  17.23419452  078.44815750
111  17.23416399  078.44819859
111  17.23391106  078.44820544
111  17.23390888  078.44830589
111  17.23459355  078.44829676
111  17.23459355  078.44818033
111  17.23427084  078.44818946
112  17.23423813  078.44810727  17.23423813  078.44804791
111  17.23422069  078.44736758
113  17.23425121  078.44733562
110 1 0.00 360.0000 New Taxiway 18
111  17.23255597  078.45532873
111  17.23209306  078.45536884
111  17.23210583  078.45564961
111  17.23227822  078.45565963
112  17.23220480  078.45581673  17.23219522  078.45588024
112  17.23228141  078.45610752  17.23237080  078.45616100
112  17.23257193  078.45618440  17.23270601  078.45618774
111  17.23365438  078.45617438
111  17.23377569  078.45627799
111  17.23374889  078.45819107
111  17.23390341  078.45817489
111  17.23380206  078.44940351
111  17.23369196  078.44940717
111  17.23377664  078.45604887
111  17.23369221  078.45609306
111  17.23251689  078.45611516
112  17.23231374  078.45604886  17.23226888  078.45599362
112  17.23227416  078.45580854  17.23229263  078.45574776
112  17.23243510  078.45564832  17.23247204  078.45564832
113  17.23255119  078.45564832
110 1 0.00 360.0000 New Taxiway 17
111  17.23257971  078.44993757
111  17.23163716  078.44997397
112  17.23144016  078.44978389  17.23138994  078.44960998
112  17.23173760  078.44948056  17.23196165  078.44945225
111  17.23276746  078.44943607
111  17.23279450  078.44902354
111  17.23179402  078.44904781
112  17.23140387  078.44887390  17.23134206  078.44875257
111  17.23133338  078.44863528
111  17.23139920  078.45344545
111  17.23148085  078.45344727
111  17.23143567  078.45106767
112  17.23164471  078.45082051  17.23181771  078.45080919
113  17.23260440  078.45078674
110 1 0.00 360.0000 New Taxiway 16
111  17.23459553  078.44526269
111  17.23422585  078.44527604
111  17.23423010  078.44557412
111  17.23397515  078.44559636
111  17.23398790  078.44592113
111  17.23391566  078.44599231
111  17.23129770  078.44604899
111  17.23129770  078.44613163
111  17.23395762  078.44609577
111  17.23399187  078.44615502
111  17.23399793  078.44650515
113  17.23460449  078.44650181
110 2 0.00 360.0000 New Taxiway 29
111  17.23056392  078.45282722
111  17.23014294  078.45284613
111  17.23014294  078.45280093
111  17.23005382  078.45280595
111  17.23005180  078.45275573
111  17.22995586  078.45275573
111  17.22995346  078.45270801
111  17.22991028  078.45270801
111  17.22990924  078.45266346
111  17.22981751  078.45266303
111  17.22981710  078.45262514
111  17.22977402  078.45262405
111  17.22977539  078.45257569
111  17.22966390  078.45257688
111  17.22966359  078.45253223
111  17.22968392  078.45253158
111  17.22968351  078.45247808
111  17.22963721  078.45247698
111  17.22963690  078.45244434
111  17.22959049  078.45244413
111  17.22958924  078.45233635
111  17.22954610  078.45234287
111  17.22954430  078.45229759
111  17.22949565  078.45229570
111  17.22949853  078.45200001
111  17.22940933  078.45188794
111  17.22942122  078.45289657
111  17.22952230  078.45316351
111  17.23009949  078.45334785
113  17.23056392  078.45330404
110 1 0.00 360.0000 MainApronwithAccessRds
111  17.23746686  078.42475422
112  17.23746892  078.42483670  17.23747098  078.42491917
111  17.23741936  078.42522689
111  17.23661905  078.42797553
111  17.23643436  078.42812369
111  17.23607698  078.42812369
112  17.23569082  078.42811114  17.23555890  078.42810041
111  17.23550853  078.42795544
111  17.23612015  078.42795293
111  17.23612255  078.42808351
111  17.23644875  078.42806845
111  17.23643225  078.42528495
111  17.23475669  078.42533863
111  17.23465875  078.42533642
111  17.23306082  078.42535114
112  17.23307486  078.42599456  17.23307837  078.42619678
112  17.23297932  078.42665361  17.23293135  078.42693236
112  17.23270053  078.42696751  17.23259979  078.42699263
112  17.23202654  078.42701774  17.23183706  078.42702527
112  17.23123962  078.42690473  17.23114608  078.42686204
111  17.23113814  078.42658882
111  17.23104458  078.42658718
112  17.23107195  078.42831976  17.23109538  078.42812354
112  17.23130001  078.42769922  17.23135747  078.42764574
112  17.23190868  078.42760897  17.23204915  078.42759226
112  17.23284783  078.42766872  17.23296296  078.42769132
111  17.23296056  078.42777420
111  17.23304691  078.42826138
111  17.23302892  078.43064055
112  17.23298967  078.43105148  17.23296569  078.43128206
111  17.23284794  078.43129119
111  17.23232051  078.43138708
112  17.23138303  078.43134370  17.23126746  078.43132544
112  17.23117588  078.43109258  17.23116280  078.43104235
111  17.23110123  078.43062295
111  17.23112804  078.43292047
112  17.23116744  078.43248284  17.23118286  078.43213294
111  17.23136863  078.43204681
112  17.23199589  078.43192300  17.23209872  078.43190685
112  17.23284423  078.43201989  17.23312187  078.43206834
111  17.23305503  078.43234826
111  17.23311879  078.43364154
112  17.23312894  078.43622711  17.23312367  078.43656136
112  17.23288133  078.43663594  17.23282065  078.43666909
112  17.23220590  078.43673539  17.23207134  078.43674920
112  17.23144907  078.43667185  17.23130660  078.43665251
111  17.23129077  078.43650611
111  17.23116857  078.43589693
111  17.23117091  078.43844730
112  17.23122181  078.43796174  17.23125575  078.43759462
112  17.23144804  078.43739921  17.23154984  078.43734592
111  17.23197967  078.43728078
111  17.23494869  078.43724916
111  17.23497186  078.43894378
111  17.23507821  078.43895068
111  17.23503443  078.43724332
111  17.23698627  078.43718016
112  17.23691775  078.43199930  17.23691424  078.43190370
111  17.23688615  078.43174928
112  17.23656307  078.43073816  17.23654551  078.43067197
111  17.23649548  078.43066830
111  17.23621784  078.43065215
111  17.23619728  078.43079212
111  17.23583738  078.43079212
111  17.23582195  078.43073290
111  17.23578596  078.43045836
111  17.23553917  078.43044759
111  17.23553917  078.43029687
111  17.23574938  078.43028411
111  17.23574938  078.42992882
111  17.23638861  078.42995069
111  17.23638861  078.43025071
111  17.23698376  078.43026225
111  17.23698376  078.42835828
111  17.23676319  078.42835828
111  17.23675448  078.42878065
111  17.23640041  078.42880496
111  17.23641782  078.42896905
111  17.23595637  078.42894778
112  17.23590984  078.42846802  17.23591420  078.42832141
111  17.23612460  078.42824923
112  17.23663830  078.42816415  17.23667312  078.42815807
111  17.23678235  078.42782376
111  17.23713348  078.42655307
112  17.23749871  078.42517576  17.23751837  078.42510372
113  17.23755816  078.42475789
112  17.23545255  078.43254504  17.23546284  078.43274422
111  17.23524175  078.43271730
112  17.23494869  078.43273345  17.23480473  078.43274422
111  17.23485614  078.43264732
112  17.23483043  078.43195289  17.23483043  078.43187215
111  17.23489213  078.43185062
112  17.23493326  078.43176448  17.23499496  078.43176448
111  17.23503609  078.43169450
111  17.23503095  078.43158146
111  17.23540628  078.43155454
113  17.23542170  078.43193136
112  17.23546798  078.43377240  17.23547312  078.43393389
111  17.23540114  078.43394466
112  17.23503095  078.43395004  17.23486642  078.43395543
111  17.23487156  078.43386391
112  17.23485614  078.43306182  17.23485100  078.43287341
111  17.23493840  078.43287880
112  17.23533430  078.43286265  17.23548340  078.43286265
113  17.23545769  078.43305106
111  17.23512878  078.43579518
112  17.23499884  078.43567384  17.23498937  078.43554090
112  17.23499182  078.43523631  17.23498480  078.43522528
112  17.23489701  078.43419578  17.23489349  078.43405606
111  17.23496724  078.43405974
112  17.23536757  078.43404871  17.23550102  078.43404503
111  17.23548346  078.43418843
112  17.23549751  078.43565913  17.23550102  078.43578782
111  17.23542025  078.43579885
113  17.23512878  078.43579518
110 1 0.00 360.0000 New Taxiway 14
111  17.23564212  078.41586511
111  17.23563618  078.41607058
111  17.23564212  078.41617643
111  17.23584828  078.41615982
111  17.23584431  078.41611416
111  17.23586215  078.41611624
111  17.23586810  078.41608096
111  17.23596127  078.41607681
111  17.23597241  078.41646910
112  17.23600814  078.41783513  17.23601133  078.41785518
111  17.23600814  078.41819947
111  17.23597203  078.41875339
111  17.23608377  078.41874336
112  17.23608476  078.41821284  17.23609753  078.41804571
111  17.23629865  078.41804571
112  17.23721489  078.41803568  17.23738409  078.41803568
111  17.23739686  078.41818610
112  17.23742328  078.42061604  17.23742328  078.42074063
111  17.23732170  078.42076798
111  17.23659265  078.42077309
111  17.23658743  078.42087527
112  17.23730428  078.42084698  17.23740876  078.42085306
111  17.23743779  078.42090776
112  17.23743488  078.42177378  17.23744069  078.42189229
111  17.23733621  078.42188318
111  17.23716498  078.42188621
111  17.23690588  078.42184671
112  17.23652569  078.42178897  17.23645604  078.42177682
111  17.23621515  078.42184671
111  17.23598297  078.42193483
112  17.23495056  078.42192571  17.23484318  078.42193179
111  17.23482867  078.42179809
111  17.23483045  078.42092075
111  17.23470633  078.42092333
112  17.23474376  078.42181134  17.23474904  078.42195775
111  17.23457787  078.42194944
112  17.23458139  078.42203769  17.23471858  078.42203572
111  17.23474112  078.42213730
111  17.23477262  078.42358940
111  17.23464971  078.42494537
111  17.23465875  078.42533889
111  17.23475669  078.42534109
111  17.23476206  078.42488892
111  17.23486973  078.42361239
112  17.23484975  078.42218511  17.23484975  078.42203039
111  17.23492544  078.42202662
112  17.23690842  078.42197897  17.23695101  078.42197726
112  17.23694736  078.42202032  17.23693944  078.42205347
111  17.23687084  078.42205347
111  17.23665977  078.42205899
111  17.23668088  078.42297613
111  17.23681280  078.42297889
111  17.23681067  078.42306875
111  17.23715301  078.42306647
111  17.23712684  078.42196834
112  17.23731219  078.42196834  17.23742775  078.42196377
111  17.23742339  078.42213685
111  17.23746686  078.42475668
111  17.23755816  078.42476036
111  17.23751331  078.42209615
111  17.23761405  078.42196054
111  17.23976671  078.42196054
111  17.23976932  078.42186431
111  17.23762896  078.42184832
111  17.23752865  078.42175700
111  17.23751652  078.42080035
112  17.23748304  078.41815220  17.23747344  078.41797640
111  17.23727196  078.41795129
112  17.23624702  078.41796134  17.23613669  078.41797138
111  17.23611270  078.41800654
111  17.23605514  078.41790106
112  17.23603510  078.41586428  17.23603510  078.41585323
111  17.23595331  078.41572063
111  17.23595859  078.41591676
112  17.23583986  078.41591952  17.23578182  078.41591952
111  17.23574488  078.41589466
113  17.23566836  078.41586980
110 1 0.00 360.0000 New Taxiway 13
111  17.22890533  078.40735920
111  17.22898583  078.41216798
111  17.22905399  078.41216699
113  17.22897816  078.40736074
110 1 0.00 360.0000 AccessRoad
111  17.23483616  078.41660905
111  17.23483818  078.41585954
111  17.23481918  078.41513072
111  17.23479581  078.41460709
111  17.23472278  078.41197935
112  17.23456712  078.41167824  17.23444311  078.41161471
112  17.23426370  078.41157603  17.23413442  078.41158156
111  17.23318252  078.41160643
111  17.23309282  078.41145173
111  17.23303889  078.40736261
111  17.23296214  078.40736512
111  17.23300366  078.40915843
112  17.23294419  078.40919579  17.23294419  078.40919786
111  17.23254774  078.40919164
111  17.23254972  078.40927673
111  17.23292437  078.40926428
111  17.23300762  078.40930994
111  17.23302797  078.41149600
111  17.23295165  078.41161243
111  17.23192045  078.41163069
111  17.23191390  078.41166494
111  17.23195533  078.41166722
111  17.23194225  078.41177224
112  17.23194328  078.41186817  17.23194420  078.41186817
111  17.23199229  078.41186430
111  17.23199229  078.41177038
111  17.23201079  078.41166872
111  17.23431686  078.41163864
112  17.23454353  078.41174560  17.23458184  078.41182583
112  17.23464249  078.41198292  17.23465207  078.41209991
111  17.23471478  078.41499713
112  17.23470520  078.41538152  17.23470839  078.41549851
113  17.23471067  078.41660271
110 1 0.00 360.0000 New Taxiway 11
111  17.23049444  078.42156447
111  17.23011390  078.42157985
112  17.22971020  078.42149118  17.22957505  078.42143457
112  17.22941286  078.42133835  17.22939124  078.42131760
112  17.22911047  078.42103553  17.22906250  078.42095015
111  17.22905846  078.42091037
111  17.22906010  078.42108575
112  17.22929036  078.42133687  17.22937191  078.42138710
112  17.22965254  078.42154531  17.22972449  078.42157293
111  17.22986601  078.42162064
112  17.22949903  078.42174871  17.22938150  078.42181903
111  17.22920160  078.42194415
111  17.22927117  078.42199230
112  17.22960456  078.42176629  17.22972929  078.42172611
112  17.23006473  078.42167338  17.23025421  078.42166082
113  17.23048828  078.42166093
110 1 0.00 360.0000 New Taxiway 10
111  17.22900434  078.42313824
111  17.22908019  078.42863471
111  17.22916942  078.42862581
111  17.22915107  078.42721732
111  17.22913463  078.42546205
111  17.22909713  078.42290399
113  17.22901977  078.42301196
110 1 0.00 360.0000 New Taxiway 9
111  17.22887900  078.41394105
111  17.22898351  078.42168454
111  17.22907515  078.42172491
112  17.22895219  078.41413483  17.22894859  078.41404238
113  17.22895676  078.41394146
110 1 0.00 360.0000 New Taxiway 5
111  17.23045215  078.41214552
111  17.22970059  078.41215760
111  17.22905399  078.41216699
111  17.22898583  078.41216798
112  17.22897195  078.41222609  17.22895014  078.41223439
111  17.22885533  078.41224976
111  17.22886219  078.41281175
111  17.22893084  078.41276203
112  17.22928702  078.41244436  17.22936354  078.41239187
112  17.22960627  078.41232834  17.22968278  078.41233110
111  17.23000730  078.41232005
111  17.23001415  078.41352165
112  17.22960959  078.41348041  17.22948984  078.41348849
111  17.22960959  078.41348041
112  17.22960959  078.41348041  17.22959462  078.41348142 1
112  17.22955470  078.41348389  17.22953769  078.41348594 1
112  17.22943114  078.41349943  17.22941278  078.41350278 1
112  17.22929806  078.41352424  17.22928451  078.41352757
111  17.22929806  078.41352424
112  17.22929806  078.41352424  17.22928451  078.41352757 1
112  17.22918467  078.41356534  17.22917888  078.41356736
111  17.22918467  078.41356534
112  17.22918467  078.41356534  17.22917888  078.41356736 1
112  17.22907019  078.41361789  17.22905309  078.41362670 1
112  17.22901790  078.41364570  17.22900045  078.41365588
111  17.22901790  078.41364570
112  17.22901790  078.41364570  17.22900045  078.41365588 1
112  17.22896715  078.41367773  17.22895106  078.41368883 1
112  17.22887507  078.41378098  17.22887327  078.41379215
111  17.22887507  078.41378098
112  17.22887507  078.41378098  17.22886064  078.41387036
111  17.22887900  078.41394105
111  17.22895676  078.41394146
112  17.22926193  078.41373520  17.22943190  078.41370689
112  17.22975638  078.41365431  17.22983364  078.41366644
111  17.23016046  078.41372711
112  17.23032656  078.41393742  17.23035360  078.41409514
111  17.23040382  078.41434185
111  17.23050721  078.42111658
111  17.23049444  078.42156447
111  17.23041782  078.42188869
112  17.23022627  078.42200901  17.23007304  078.42204244
112  17.22976975  078.42205915  17.22976656  078.42205915
112  17.22929543  078.42199899  17.22917412  078.42189537
112  17.22907515  078.42172491  17.22903046  078.42155110
111  17.22898351  078.42168454
111  17.22900434  078.42313824
112  17.22927343  078.42279452  17.22953051  078.42264380
112  17.22987499  078.42265457  17.22995211  078.42265457
112  17.23031716  078.42272454  17.23041999  078.42281067
112  17.23047654  078.42299908  17.23047654  078.42307982
112  17.23038914  078.42326823  17.23036343  078.42331129
111  17.22987339  078.42415751
111  17.22913463  078.42546205
111  17.22915107  078.42721732
111  17.23021936  078.42464930
112  17.23042084  078.42459656  17.23047361  078.42468697
112  17.23052877  078.42490544  17.23052877  078.42492553
111  17.23057127  078.42521470
111  17.23056315  078.42699636
113  17.23064470  078.42700138
110 1 0.00 360.0000 New Taxiway 4
111  17.23287346  078.42155764 20
111  17.23275209  078.42155890 20
111  17.23195460  078.42156270 20
111  17.23159774  078.42156466 20
111  17.23118664  078.42156693 20
111  17.23108536  078.42156656
111  17.23109876  078.42163807 20
111  17.23118889  078.42163772 20
111  17.23159887  078.42163638 20
111  17.23195470  078.42163521 20
111  17.23275321  078.42163007 20
113  17.23287264  078.42162930
110 1 0.00 360.0000 New Taxiway 2
111  17.23379828  078.42135013
111  17.23369995  078.42135381
111  17.23369293  078.42130969
111  17.23351032  078.42132072
111  17.23348574  078.42138690
111  17.23287470  078.42140896
111  17.23287119  078.42178031
111  17.23341550  078.42177664
111  17.23343306  078.42190532
112  17.23359811  078.42204872  17.23374560  078.42204872
111  17.23458139  078.42203769
111  17.23457787  078.42194944
111  17.23387202  078.42196415
112  17.23380179  078.42180237  17.23380530  078.42170678
112  17.23369995  078.42164427  17.23362972  078.42164060
111  17.23349276  078.42164060
111  17.23348925  078.42161118
111  17.23374209  078.42161854
111  17.23374209  078.42155236
113  17.23380530  078.42154500
112  17.23372798  078.42192566  17.23371213  078.42197339
112  17.23357733  078.42196302  17.23351390  078.42195679
111  17.23349804  078.42186962
111  17.23349408  078.42170359
112  17.23365662  078.42169736  17.23374186  078.42169528
113  17.23374979  078.42181358
110 1 0.00 360.0000 New Taxiway 1
111  17.23104458  078.42658964
111  17.23113814  078.42659129
112  17.23108916  078.42323620  17.23108066  078.42287140
111  17.23127438  078.42272913
111  17.23207592  078.42261374
111  17.23262699  078.42262423
111  17.23262699  078.42262423
111  17.23261696  078.42096682
111  17.23470633  078.42092333
111  17.23483045  078.42092075
111  17.23496801  078.42091789
111  17.23498076  078.42163861
111  17.23516348  078.42164306
111  17.23516348  078.42185216
111  17.23548216  078.42184771
111  17.23549491  078.42148290
111  17.23510493  078.42146847
112  17.23509622  078.42113726  17.23509622  078.42108864
111  17.23513395  078.42107041
112  17.23537194  078.42105825  17.23542418  078.42105825
111  17.23543869  078.42108864
111  17.23543579  078.42145632
111  17.23563393  078.42146240
111  17.23576453  078.42140466
112  17.23600542  078.42108099  17.23605766  078.42101718
111  17.23633172  078.42088980
111  17.23658743  078.42087527
111  17.23659265  078.42077309
112  17.23616035  078.42078138  17.23608911  078.42078414
111  17.23609439  078.42072613
111  17.23608647  078.42051066
111  17.23622631  078.42050513
111  17.23623159  078.42067088
111  17.23631074  078.42066535
111  17.23631074  078.42031452
111  17.23613171  078.42031843
111  17.23612169  078.41979320
111  17.23624358  078.41979016
112  17.23624658  078.41916118  17.23624339  078.41911438
112  17.23616358  078.41906759  17.23608377  078.41905756
111  17.23608696  078.41898737
111  17.23608377  078.41874336
112  17.23597203  078.41875339  17.23591137  078.41876007
111  17.23592095  078.41884364
111  17.23574244  078.41885124
111  17.23484749  078.41883984
111  17.23483616  078.41660905
111  17.23471067  078.41660271
111  17.23470100  078.41903179
111  17.23469876  078.41915061
111  17.23207153  078.41914890
111  17.23207719  078.42093715
112  17.23203675  078.42163126  17.23200163  078.42192907
112  17.23181551  078.42198055  17.23167856  078.42203937
112  17.23139055  078.42199525  17.23122199  078.42196216
112  17.23115527  078.42185921  17.23113068  078.42183348
111  17.23108152  078.42154302
111  17.23105366  078.42099537
111  17.23091641  078.41229756
111  17.23094231  078.41212135
113  17.23086000  078.41212204
110 2 0.00 360.0000 New Taxiway 6
111  17.23010095  078.41226908
111  17.22943255  078.41228376
111  17.22881090  078.41282207
111  17.22882025  078.41384484
111  17.22938114  078.41360015
113  17.23011029  078.41360505
130 Airport Boundary 42
111  17.23132039  078.41176122
111  17.22938174  078.41176122
111  17.22942033  078.40842549
111  17.22773157  078.40844745
111  17.22755325  078.40876592
111  17.22764766  078.41175298
111  17.22529753  078.41178587
111  17.22503463  078.41292062
111  17.22559210  078.41340698
111  17.22590800  078.41597493
111  17.22589113  078.41786223
111  17.22616141  078.41867577
111  17.22590802  078.41966617
111  17.22527436  078.42154082
111  17.22527436  078.42260197
111  17.22570436  078.42284313
111  17.22651830  078.42546384
111  17.22653806  078.42592452
111  17.22620241  078.42702268
111  17.22547865  078.42866993
111  17.22571990  078.42908723
111  17.22640170  078.42924097
111  17.22653806  078.42953748
111  17.22573981  078.43167994
111  17.22510406  078.43309847
111  17.22614763  078.43944153
111  17.22642343  078.43945550
111  17.22645012  078.43963248
111  17.22652130  078.43963714
111  17.22652575  078.43997712
111  17.22610315  078.43997247
111  17.22605178  078.44297930
111  17.22664264  078.44630713
111  17.22671970  078.45092278
111  17.22650223  078.45442885
111  17.22647076  078.45693719
111  17.22856860  078.45688229
111  17.22860007  078.45728861
111  17.22982754  078.45757415
111  17.23001635  078.45725568
111  17.23003733  078.45379642
111  17.23192577  078.45359871
111  17.23190670  078.45101965
111  17.23286027  078.45099242
111  17.23282559  078.44967640
111  17.23182868  078.44973993
111  17.23190690  078.43818912
111  17.23192597  078.43759010
111  17.23720254  078.43759603
111  17.23711051  078.43205770
111  17.23707815  078.43203653
111  17.23709029  078.43171897
111  17.23664949  078.43057150
111  17.23701412  078.43072031
111  17.23756620  078.43258801
111  17.23985182  078.43256855
111  17.23990757  078.42595374
111  17.23734321  078.42597320
111  17.23769068  078.42163214
111  17.23754049  078.41792204
111  17.23614298  078.41790597
111  17.23611227  078.41546197
111  17.23459519  078.41542199
111  17.23458250  078.41865104
111  17.23335138  078.41874406
111  17.23351638  078.41811951
111  17.23396059  078.41760127
111  17.23333869  078.41633888
111  17.23246684  078.41616022
111  17.23187912  078.41680397
113  17.23153643  078.41676411
120 Linear Feature 34
111  17.23406764  078.44920582 1
112  17.23422029  078.44937204  17.23422436  078.44945729 1
112  17.23436073  078.44967039  17.23449303  078.44968105
111  17.23436073  078.44967039
112  17.23436073  078.44967039  17.23458259  078.44971088 1
115  17.23455002  078.44951737
120 Linear Feature 31
111  17.23340834  078.43574878 1
115  17.23458299  078.43573324
120 Linear Feature 30
111  17.23340270  078.43533720 1
115  17.23463455  078.43531796
120 Linear Feature 29
111  17.23455919  078.43490684 1
115  17.23339711  078.43492976
120 Linear Feature 28
111  17.23339136  078.43451034 1
115  17.23457505  078.43449986
120 Linear Feature 27
111  17.23461213  078.43408694 1
115  17.23338576  078.43410212
120 Linear Feature 26
111  17.23454944  078.43368609 1
115  17.23338017  078.43369450
120 Linear Feature 25
111  17.23337465  078.43329191 1
115  17.23454272  078.43328524
120 Linear Feature 24
111  17.23452257  078.43287987 1
115  17.23336926  078.43289895
120 Linear Feature 23
111  17.23336384  078.43250524 1
115  17.23443077  078.43247902
120 Linear Feature 22
111  17.23335815  078.43208976 1
115  17.23437423  078.43207282
120 Linear Feature 21
111  17.23334055  078.43083027 1
115  17.23462246  078.43079334
120 Linear Feature 20
111  17.23449243  078.43125568 1
115  17.23334696  078.43127553
120 Linear Feature 19
111  17.23335252  078.43168043 1
115  17.23449514  078.43166696
120 Linear Feature 18
111  17.23333388  078.43037173 1
115  17.23444637  078.43035150
120 Linear Feature 17
111  17.23332446  078.42972625 1
115  17.23467123  078.42970574
120 Linear Feature 16
111  17.23331522  078.42896056 1
115  17.23423235  078.42895851
120 Linear Feature 15
111  17.23330390  078.42813571 1
115  17.23464684  078.42811610
120 Linear Feature 4
111  17.23462824  078.42651738 1
115  17.23328611  078.42653561
120 Linear Feature 3
111  17.23328977  078.42672248 2
115  17.23463961  078.42670528
120 Linear Feature 2
111  17.23440458  078.42632632 2
115  17.23328473  078.42634480
120 Linear Feature 1
111  17.23328252  078.42593478 1
115  17.23444907  078.42591149
120 Linear Feature 93
111  17.23620969  078.43587301 1
112  17.23602403  078.43591268  17.23585353  078.43591665 1
115  17.23500861  078.43594442
120 Linear Feature 92
111  17.23552390  078.43157437 20
115  17.23559968  078.43587698
120 Linear Feature 91
111  17.23681780  078.43363189 1
115  17.23572092  078.43363970
120 Linear Feature 90
111  17.23681249  078.43322942 1
115  17.23567924  078.43323903
120 Linear Feature 89
111  17.23680714  078.43282235 1
115  17.23566030  078.43283440
120 Linear Feature 88
111  17.23680199  078.43242765 1
115  17.23566788  078.43243770
120 Linear Feature 87
111  17.23679649  078.43200862 1
115  17.23573987  078.43202910
120 Linear Feature 86
111  17.23682314  078.43403909 1
115  17.23572092  078.43406156
120 Linear Feature 85
111  17.23682850  078.43444755 1
115  17.23569061  078.43446223
120 Linear Feature 84
111  17.23683390  078.43485877 1
115  17.23569440  078.43487480
120 Linear Feature 78
111  17.23006286  078.44942875 4
115  17.23006268  078.44918447
120 Linear Feature 76
111  17.23029461  078.44916461 4
115  17.23029486  078.44942202
120 Linear Feature 75
111  17.23019103  078.44295218 4
115  17.23019113  078.44323738
120 Linear Feature 74
111  17.22996739  078.44323013 4
115  17.22996644  078.44295903
120 Linear Feature 73
111  17.23206125  078.42719467 2
115  17.23205980  078.42742130
120 Linear Feature 72
111  17.23167759  078.43154444 4
115  17.23167787  078.43181103
120 Linear Feature 71
111  17.23176156  078.43686945 4
115  17.23176782  078.43714870
120 Linear Feature 70
111  17.23217108  078.43689467 2
115  17.23217407  078.43713036
120 Linear Feature 69
112  17.23314032  078.43211498  17.23313616  078.43210625 1
112  17.23299558  078.43189390  17.23287055  078.43184590
111  17.23299558  078.43189390
112  17.23299558  078.43189390  17.23282471  078.43183280 1
112  17.23260381  078.43178481  17.23259131  078.43178481 1
111  17.23207828  078.43178008 1
112  17.23144100  078.43185462  17.23126179  078.43191135 1
116  17.23108170  078.43212517  17.23105669  078.43232153
120 Linear Feature 68
111  17.23115918  078.43749943 1
112  17.23141281  078.43723716  17.23166019  078.43715192 1
111  17.23186998  078.43713552 1
115  17.23204777  078.43713386
120 Linear Feature 67
111  17.23321062  078.43649950 1
112  17.23284425  078.43683063  17.23243718  078.43688308 1
111  17.23213657  078.43689620 1
112  17.23155372  078.43684046  17.23142534  078.43680768 1
116  17.23113413  078.43656835  17.23105897  078.43635198
120 Linear Feature 66
111  17.23018702  078.43559663 1
112  17.22938791  078.43413307  17.22932489  078.43392302
111  17.22938791  078.43413307
112  17.22938791  078.43413307  17.22933764  078.43406468 1
115  17.22912268  078.43334330
120 Linear Feature 65
111  17.23070368  078.43544517 1
116  17.23018702  078.43559663  17.22980124  078.43521798
120 Linear Feature 64
111  17.22912715  078.43413644 1
111  17.22930970  078.43452952 1
115  17.23073468  078.43693095
120 Linear Feature 63
111  17.22909172  078.43110517 1
112  17.22931906  078.43033559  17.22937589  078.43022055 1
111  17.22982298  078.42934387 1
111  17.23013367  078.42879970 1
116  17.23063759  078.42892267  17.23081984  078.42942726
120 Linear Feature 62
111  17.23065061  078.42744015 1
111  17.22927738  078.42990646 1
115  17.22909551  078.43031540
120 Linear Feature 61
111  17.22908932  078.44869766 1
116  17.22969525  078.44930906  17.23016790  078.44933593
120 Linear Feature 60
111  17.22911738  078.44986043 1
115  17.22911738  078.45014655
120 Linear Feature 59
111  17.23028009  078.44929940 2
111  17.23004823  078.44930310 1
111  17.22969525  078.44930906 1
116  17.22911738  078.44986043  17.22912022  078.45028961
120 Linear Feature 58
111  17.22936627  078.44972045 1
112  17.22974033  078.44948153  17.23001088  078.44943227 1
112  17.23033790  078.44942734  17.23049787  078.44945197 1
112  17.23076945  078.44951355  17.23082826  078.44955789 1
116  17.23094119  078.44973277  17.23095530  078.44979188
120 Linear Feature 57
111  17.23092171  078.44875491 1
112  17.23076643  078.44902585  17.23064175  078.44908250 1
111  17.23048647  078.44912684 1
111  17.23021122  078.44918103 1
112  17.22975916  078.44914162  17.22955918  078.44908004 1
116  17.22935921  078.44891008  17.22927922  078.44878693
120 Linear Feature 56
111  17.23052965  078.44308239 1
116  17.23101329  078.44355716  17.23108893  078.44401652
120 Linear Feature 55
111  17.23083111  078.44356886 1
112  17.23036508  078.44325548  17.22993315  078.44319994 1
111  17.22977022  078.44325151 1
116  17.22926251  078.44350142  17.22922462  078.44370374
120 Linear Feature 54
111  17.22925756  078.44267631 1
112  17.22958340  078.44292226  17.22980316  078.44296589 1
112  17.23014037  078.44295796  17.23017068  078.44295399 1
112  17.23062651  078.44285086  17.23074397  078.44277945 1
116  17.23080838  078.44260491  17.23081217  078.44256921
120 Linear Feature 53
111  17.22903022  078.44357679 1
116  17.22957106  078.44310222  17.22998405  078.44307049
120 Linear Feature 52
111  17.23101509  078.44232868 1
111  17.23101463  078.44260636 1
112  17.23052965  078.44308239  17.23013940  078.44309429 1
111  17.22957106  078.44310222 1
116  17.22899612  078.44250719  17.22892792  078.44202719
120 Linear Feature 51
111  17.22917801  078.43833660 1
112  17.22953102  078.43932394  17.22979326  078.43979913 1
111  17.23018157  078.44041160 1
112  17.23054466  078.44068616  17.23074134  078.44064392 1
116  17.23077664  078.44039048  17.23078168  078.44032184
120 Linear Feature 50
111  17.23081853  078.44187920 1
116  17.22919310  078.43910348  17.22900513  078.43864749
120 Linear Feature 49
111  17.23017176  078.44060119 1
111  17.23086400  078.44173639 1
116  17.23100798  078.44218068  17.23101556  078.44239093
120 Linear Feature 48
111  17.22894303  078.43757697 1
112  17.22923857  078.43891778  17.22945832  078.43940967 1
115  17.23017176  078.44060119
120 Linear Feature 47
111  17.23096892  078.43997218 1
111  17.23097670  078.44051366 1
112  17.23063061  078.44089840  17.23030980  078.44090451 1
115  17.23017176  078.44060119
120 Linear Feature 46
111  17.23030308  078.44611062 22
112  17.22998644  078.44618868  17.22984182  078.44625261 22
112  17.22956883  078.44642589  17.22949492  078.44648814 22
115  17.22937128  078.44662148
120 Linear Feature 45
111  17.22939529  078.44565639 22
112  17.22953027  078.44578593  17.22958169  078.44582630 22
112  17.22977451  078.44596426  17.22983236  078.44598781 22
112  17.23007660  078.44607865  17.23008624  078.44607865 22
112  17.23030308  078.44611062  17.23037217  078.44611398 22
115  17.23079781  078.44608875
120 Linear Feature 44
111  17.23187280  078.44605630 20
115  17.23397221  078.44600769
120 Linear Feature 43
111  17.23187312  078.44612287 20
115  17.23396280  078.44608897
120 Linear Feature 42
111  17.23133525  078.44612453 20
115  17.23187312  078.44612287
120 Linear Feature 41
111  17.23187280  078.44605630 20
115  17.23133461  078.44605496
120 Linear Feature 40
111  17.23187280  078.44605630 22
115  17.23187312  078.44612287
120 Linear Feature 39
111  17.23397401  078.44605107 22
115  17.23137646  078.44609237
120 Linear Feature 38
112  17.23458309  078.44824057  17.23457851  078.44824537 22
112  17.23395199  078.44825246  17.23394700  078.44825246 22
112  17.23380433  078.44831305  17.23376242  078.44835588 22
112  17.23372151  078.44848542  17.23372151  078.44857839 22
111  17.23381131  078.45483248 22
115  17.23384224  078.45818075
120 Linear Feature 31
111  17.23135026  078.44956404 1
115  17.23140328  078.44960475
120 Linear Feature 30
111  17.23142449  078.44948446 1
115  17.23145631  078.44953998
120 Linear Feature 29
111  17.23154115  078.44941414 1
115  17.23156060  078.44949001
120 Linear Feature 28
111  17.23166135  078.44938453 1
115  17.23166488  078.44946226
120 Linear Feature 27
111  17.23177093  078.44936602 1
115  17.23176386  078.44943820
120 Linear Feature 35
111  17.23132860  078.44894779 1
115  17.23138561  078.44890892
120 Linear Feature 34
111  17.23142096  078.44904957 1
115  17.23144394  078.44897925
120 Linear Feature 33
111  17.23153187  078.44910324 1
115  17.23153055  078.44903292
120 Linear Feature 32
111  17.23166266  078.44913100 1
115  17.23164190  078.44906623
120 Linear Feature 26
111  17.23177755  078.44914395 1
115  17.23173558  078.44907918
120 Linear Feature 37
111  17.23265462  078.44912729 1
115  17.23265641  078.44933826
120 Linear Feature 36
111  17.23196965  078.44935979 4
115  17.23196827  078.44914033
120 Linear Feature 25
111  17.23414106  078.44964177 1
112  17.23393956  078.44931791  17.23376328  078.44933284
111  17.23393956  078.44931791
112  17.23393956  078.44931791  17.23369387  078.44932346 1
111  17.23265641  078.44933826 1
111  17.23196965  078.44935979 1
111  17.23177093  078.44936602 1
112  17.23166135  078.44938453  17.23162599  078.44939193 1
112  17.23154115  078.44941414  17.23150934  078.44942524 1
111  17.23142449  078.44948446 1
116  17.23135026  078.44956404  17.23134142  078.44958254
120 Linear Feature 24
111  17.23132860  078.44894779 1
112  17.23142096  078.44904957  17.23146161  078.44907363 1
111  17.23153187  078.44910324 1
112  17.23166266  078.44913100  17.23169095  078.44913655 1
111  17.23177755  078.44914395 1
111  17.23196827  078.44914033 1
111  17.23265462  078.44912729 1
111  17.23388123  078.44910694 1
116  17.23410748  078.44892002  17.23410394  078.44871645
120 Linear Feature 23
111  17.23064274  078.44929109 1
115  17.23028009  078.44929940
120 Linear Feature 22
111  17.23161097  078.44925663 1
115  17.23064274  078.44929109
120 Linear Feature 21
111  17.23112181  078.44871561 1
116  17.23161097  078.44925663  17.23202802  078.44926335
120 Linear Feature 20
111  17.23112181  078.44871561 1
116  17.23064274  078.44929109  17.23014655  078.44940977
120 Linear Feature 19
111  17.23114412  078.44976720 1
116  17.23064274  078.44929109  17.23020216  078.44930005
120 Linear Feature 33
111  17.23438719  078.44869052 1
115  17.23459480  078.44869265
120 Linear Feature 32
111  17.23406767  078.44921429 1
112  17.23421622  078.44897395  17.23421419  078.44884183 1
112  17.23438719  078.44869052  17.23452153  078.44868200 1
111  17.23453374  078.44883543 1
111  17.23455002  078.44951737 1
111  17.23442383  078.44952376 1
111  17.23437498  078.44948114 1
111  17.23435666  078.44891428 1
111  17.23441569  078.44884822 1
115  17.23459887  078.44885035
120 Linear Feature 18
111  17.23161097  078.44925663 1
111  17.23197819  078.44924769 2
111  17.23246405  078.44923928 1
111  17.23266690  078.44923576 1
111  17.23376085  078.44922086 1
111  17.23406767  078.44921429 1
115  17.23459575  078.44920298
120 Linear Feature 17
111  17.23114412  078.44976720 1
116  17.23161097  078.44925663  17.23198673  078.44924769
120 Linear Feature 15
111  17.23113273  078.44987840 1
116  17.23162998  078.45038209  17.23203705  078.45043871
120 Linear Feature 14
111  17.23135477  078.44990522 1
112  17.23155689  078.45015856  17.23170776  078.45020326 1
115  17.23198104  078.45023903
120 Linear Feature 13
111  17.23197140  078.45051322 1
112  17.23156258  078.45061456  17.23146579  078.45067715 1
116  17.23137185  078.45080232  17.23134908  078.45086491
120 Linear Feature 12
111  17.23162998  078.45038209 1
115  17.23211373  078.45037612
120 Linear Feature 11
111  17.23115467  078.45095134 1
116  17.23162998  078.45038209  17.23202566  078.45036718
120 Linear Feature 4
111  17.22992186  078.45293183 1
115  17.22995945  078.45284666
120 Linear Feature 10
112  17.23009581  078.45293310  17.23009581  078.45293608 1
115  17.23006662  078.45300761
120 Linear Feature 9
111  17.23032923  078.45296588 1
115  17.23032069  078.45306423
120 Linear Feature 8
111  17.23055981  078.45294502 1
115  17.23059501  078.45301519
120 Linear Feature 7
111  17.23081032  078.45285859 1
115  17.23085196  078.45291667
120 Linear Feature 6
111  17.23094126  078.45282580 1
115  17.23087579  078.45277514
120 Linear Feature 5
111  17.23099311  078.45268932 1
115  17.23093557  078.45266486
120 Linear Feature 3
111  17.22967576  078.45277647 1
115  17.22972887  078.45270360
120 Linear Feature 2
111  17.22941157  078.45247713 1
115  17.22945275  078.45242941
120 Linear Feature 1
111  17.23140790  078.45327862 1
111  17.23015685  078.45331887 1
115  17.22886077  078.45336058
120 Linear Feature 90
111  17.23117944  078.45191635 2
112  17.23131696  078.45273858  17.23137945  078.45295052
111  17.23131696  078.45273858
112  17.23131696  078.45273858  17.23132686  078.45279567 2
112  17.23123372  078.45310992  17.23108896  078.45312507 2
112  17.23098039  078.45285983  17.23105639  078.45260596
111  17.23098039  078.45285983
112  17.23098039  078.45285983  17.23111791  078.45270827 2
114  17.23119753  078.45253018  17.23119030  078.45234452 2
120 Linear Feature 80
111  17.23669920  078.43159212 1
115  17.23579867  078.43162795
120 Linear Feature 79
111  17.23015685  078.45331887 4
115  17.23014974  078.45302613
120 Linear Feature 89
111  17.22941157  078.45247713 1
111  17.22967576  078.45277647 1
111  17.22992186  078.45293183 1
111  17.23006662  078.45300761 1
111  17.23014974  078.45302613 1
111  17.23032069  078.45306423 1
111  17.23059501  078.45301519 1
111  17.23085196  078.45291667 1
111  17.23094126  078.45282580 1
112  17.23099311  078.45268932  17.23099311  078.45258702 1
115  17.23098225  078.45218158
120 Linear Feature 88
111  17.22915197  078.45168521 1
111  17.22915921  078.45220811 1
112  17.22944150  078.45273100  17.22974550  078.45299245 1
111  17.22986493  078.45309097 1
112  17.23015348  078.45319706  17.23031272  078.45320464 1
111  17.23069272  078.45318570 1
116  17.23119215  078.45263249  17.23117768  078.45210201
120 Linear Feature 85
111  17.23207529  078.43167048 1
115  17.23291693  078.43164855
120 Linear Feature 84
111  17.23207435  078.43155682 2
115  17.23207828  078.43178008
120 Linear Feature 83
111  17.23167749  078.43168927 2
115  17.23207529  078.43167048
120 Linear Feature 82
112  17.23128867  078.43168374  17.23129166  078.43168687 1
112  17.23086993  078.43217539  17.23087292  078.43251672 1
115  17.23087591  078.43273245
120 Linear Feature 81
111  17.23085497  078.43117957 1
112  17.23129166  078.43168687  17.23164758  078.43169000 1
115  17.23167749  078.43168927
120 Linear Feature 80
111  17.23020188  078.43580633 1
111  17.22979135  078.43514432 1
112  17.22922781  078.43402747  17.22910937  078.43369334 1
116  17.22891196  078.43280751  17.22887906  078.43251128
120 Linear Feature 79
111  17.23020188  078.43580633 1
115  17.23077347  078.43676063
120 Linear Feature 78
111  17.23089275  078.43501110 1
111  17.23090006  078.43554494 1
116  17.23020188  078.43580633  17.22956661  078.43539483
120 Linear Feature 77
111  17.23095290  078.43745916 1
116  17.23138871  078.43701209  17.23163876  078.43698109
120 Linear Feature 76
111  17.23077347  078.43676063 1
116  17.23095113  078.43721893  17.23095442  078.43742217
120 Linear Feature 75
111  17.23138871  078.43701209 1
116  17.23077347  078.43676063  17.23055303  078.43642994
120 Linear Feature 74
111  17.23138871  078.43701209 1
111  17.23176378  078.43701233 2
115  17.23218168  078.43701260
120 Linear Feature 73
111  17.23092152  078.43644028 1
116  17.23138871  078.43701209  17.23182300  078.43701554
120 Linear Feature 72
111  17.23321994  078.43651056 1
115  17.23314032  078.43211498
120 Linear Feature 69
111  17.23379279  078.43699030 1
115  17.23303578  078.43699745
120 Linear Feature 68
111  17.23341861  078.43658092 1
112  17.23303578  078.43699745  17.23278969  078.43700502 1
115  17.23218168  078.43701260
120 Linear Feature 67
111  17.23694663  078.43703157 1
115  17.23204777  078.43713386
120 Linear Feature 66
111  17.23626546  078.43653571 1
112  17.23595060  078.43624773  17.23559231  078.43625530 1
111  17.23413764  078.43628940 1
112  17.23386259  078.43656549  17.23387707  078.43679663 1
112  17.23414850  078.43687620  17.23430774  078.43687620 1
111  17.23599677  078.43682695 1
116  17.23626546  078.43653571  17.23626184  078.43630078
120 Linear Feature 65
111  17.23616413  078.43607721 2
115  17.23616413  078.43623636
120 Linear Feature 64
111  17.23392050  078.43612647 2
115  17.23392050  078.43627424
120 Linear Feature 63
111  17.23626360  078.43615679 1
111  17.23392764  078.43620983 1
115  17.23355497  078.43620225
120 Linear Feature 62
111  17.23636494  078.43066338 1
115  17.23644544  078.43592401
120 Linear Feature 61
111  17.23694399  078.43703104 1
111  17.23686799  078.43187972 1
115  17.23649548  078.43067077
120 Linear Feature 60
111  17.23644182  078.43676200 1
116  17.23622487  078.43694023  17.23599324  078.43694780
120 Linear Feature 59
111  17.23644544  078.43592401 1
115  17.23644182  078.43676200
120 Linear Feature 58
111  17.23626448  078.43615895 1
116  17.23644544  078.43592401  17.23644906  078.43575350
120 Linear Feature 57
111  17.23684809  078.43594036 1
112  17.23660468  078.43615895  17.23636944  078.43617410
111  17.23660468  078.43615895
112  17.23660468  078.43615895  17.23638029  078.43615895 1
115  17.23626448  078.43615895
120 Linear Feature 56
111  17.23104077  078.42683255 1
115  17.23109910  078.42681197
120 Linear Feature 55
111  17.23108514  078.42696071 1
115  17.23114096  078.42692751
120 Linear Feature 54
111  17.23117891  078.42704923 1
115  17.23121072  078.42699790
120 Linear Feature 53
111  17.23129944  078.42711553 1
115  17.23132108  078.42704438
120 Linear Feature 52
112  17.23141988  078.42714120  17.23142114  078.42713190 1
115  17.23143397  078.42708024
120 Linear Feature 51
111  17.23154306  078.42716789 1
115  17.23155067  078.42709618
120 Linear Feature 50
111  17.23168001  078.42711743 1
115  17.23167115  078.42718184
120 Linear Feature 49
111  17.23181193  078.42712407 1
115  17.23180306  078.42719180
120 Linear Feature 48
111  17.23193624  078.42712407 1
115  17.23193050  078.42719681
120 Linear Feature 47
111  17.23206518  078.42712274 1
115  17.23206125  078.42719467
120 Linear Feature 46
111  17.23219329  078.42712141 1
115  17.23219583  078.42718782
120 Linear Feature 45
111  17.23232682  078.42718184 1
115  17.23232161  078.42711477
120 Linear Feature 44
111  17.23245353  078.42717055 1
115  17.23244846  078.42710016
120 Linear Feature 43
111  17.23258413  078.42715404 1
115  17.23257674  078.42708555
120 Linear Feature 42
111  17.23271373  078.42713204 1
115  17.23269978  078.42706829
120 Linear Feature 41
112  17.23284565  078.42710149  17.23284692  078.42709883 1
115  17.23282409  078.42702977
120 Linear Feature 40
112  17.23293366  078.42699071  17.23293366  078.42699542 1
115  17.23296819  078.42705565
120 Linear Feature 39
111  17.23306153  078.42696299 1
115  17.23299434  078.42693189
120 Linear Feature 38
111  17.23310340  078.42683320 1
115  17.23303703  078.42681425
120 Linear Feature 37
111  17.23311359  078.42773907 1
111  17.23312161  078.43114860 1
112  17.23309464  078.43128036  17.23307891  078.43131800 1
112  17.23300475  078.43140741  17.23295756  078.43142858 1
111  17.23289239  078.43145211 1
111  17.23276431  078.43148976 1
111  17.23263846  078.43151564 1
111  17.23250588  078.43152975 1
111  17.23237330  078.43154387 1
111  17.23224072  078.43155328 1
111  17.23210643  078.43155858 1
111  17.23207435  078.43155682 1
111  17.23197643  078.43155858 1
111  17.23184474  078.43155328 1
111  17.23170967  078.43154621 1
111  17.23167759  078.43154444 1
111  17.23157406  078.43153560 1
111  17.23145419  078.43151439 1
111  17.23131912  078.43147727 1
112  17.23119587  078.43142070  17.23114691  078.43138182 1
112  17.23110301  078.43132702  17.23107769  078.43128813 1
116  17.23104730  078.43117147  17.23103886  078.43110076
120 Linear Feature 36
111  17.23311359  078.42773907 1
111  17.23306429  078.42761423 1
112  17.23296766  078.42752953  17.23290699  078.42751071 1
111  17.23284182  078.42748953 1
111  17.23271148  078.42745424 1
111  17.23258789  078.42744248 1
111  17.23245755  078.42743307 1
111  17.23232497  078.42742365 1
111  17.23220137  078.42742365 1
111  17.23205980  078.42742130 1
111  17.23192598  078.42742836 1
111  17.23179789  078.42743777 1
111  17.23167035  078.42745380 1
111  17.23154846  078.42747071 1
111  17.23142037  078.42749659 1
111  17.23129003  078.42753188 1
111  17.23117768  078.42758600 1
112  17.23109228  078.42768246  17.23107206  078.42772246 1
115  17.23103610  078.42779774
120 Linear Feature 35
111  17.23015996  078.42855041 1
116  17.23083271  078.42880853  17.23092427  078.42946291
120 Linear Feature 34
111  17.23073046  078.42752849 1
111  17.23015996  078.42855041 1
111  17.22933091  078.43003546 1
116  17.22889408  078.43161629  17.22885029  078.43234152
120 Linear Feature 33
111  17.23083832  078.42674235 1
111  17.23084282  078.42714991 1
116  17.23073046  078.42752849  17.23062219  078.42765897
120 Linear Feature 32
111  17.23131985  078.42732285 1
116  17.23084895  078.42781724  17.23082239  078.42824502
120 Linear Feature 31
111  17.23131985  078.42732285 1
116  17.23073046  078.42752849  17.23058029  078.42777905
120 Linear Feature 30
111  17.23083832  078.42674235 1
112  17.23131985  078.42732285  17.23175907  078.42736777
111  17.23131985  078.42732285
112  17.23131985  078.42732285  17.23149147  078.42732086 1
115  17.23165081  078.42732086
120 Linear Feature 29
111  17.23167115  078.42718184 4
115  17.23167035  078.42745380
120 Linear Feature 28
111  17.23295380  078.42729456 1
111  17.23206103  078.42730917 1
115  17.23165081  078.42732086
120 Linear Feature 25
111  17.23334359  078.42566675 2
115  17.23308863  078.42539372
120 Linear Feature 24
111  17.23477635  078.42556371 1
115  17.23400754  078.42557794
120 Linear Feature 23
111  17.23478723  078.42627322 1
111  17.23479539  078.42667463 1
112  17.23489871  078.42670880  17.23501019  078.42671734 1
111  17.23530929  078.42670880 1
112  17.23539086  078.42659777  17.23539086  078.42648105 1
111  17.23538302  078.42554110 1
113  17.23477635  078.42556371 1
120 Linear Feature 22
111  17.23492318  078.42764710 1
111  17.23494222  078.42799157 1
112  17.23487152  078.42818231  17.23485793  078.42818801 1
112  17.23477091  078.42808837  17.23476548  078.42798018 1
111  17.23476548  078.42762717 1
114  17.23487152  078.42758162  17.23491502  078.42762432 1
120 Linear Feature 21
111  17.23539688  078.42748961 1
111  17.23539688  078.42689461 1
112  17.23521451  078.42685579  17.23504864  078.42685579 1
111  17.23478723  078.42687003 1
111  17.23478451  078.42740240 1
116  17.23487424  078.42750204  17.23495581  078.42755044
120 Linear Feature 20
111  17.23548661  078.42554274 1
115  17.23548117  078.42748961
120 Linear Feature 19
111  17.23633220  078.42669004 1
115  17.23560081  078.42671567
120 Linear Feature 18
111  17.23632860  078.42628292 1
115  17.23560353  078.42630002
120 Linear Feature 17
111  17.23632500  078.42587584 1
115  17.23559537  078.42589576
120 Linear Feature 11
111  17.23633963  078.42752786 1
111  17.23600576  078.42753395 1
115  17.23556529  078.42754199
120 Linear Feature 16
111  17.23633066  078.42651642 2
115  17.23563072  078.42652777
120 Linear Feature 15
111  17.23632709  078.42611212 2
115  17.23559537  078.42612351
120 Linear Feature 27
111  17.23329672  078.42761210 1
116  17.23295507  078.42729331  17.23274298  078.42729616
120 Linear Feature 26
111  17.23328680  078.42698016 1
116  17.23295507  078.42729331  17.23268588  078.42729046
120 Linear Feature 71
111  17.23341602  078.43639002 1
116  17.23355497  078.43620225  17.23362762  078.43619983
120 Linear Feature 70
111  17.23355497  078.43620225 1
116  17.23341225  078.43603386  17.23340303  078.43592519
120 Linear Feature 87
111  17.23291693  078.43164855 1
116  17.23335721  078.43202128  17.23336319  078.43235636
120 Linear Feature 86
111  17.23334621  078.43121951 1
116  17.23291693  078.43164855  17.23259091  078.43164542
120 Linear Feature 82
111  17.23569147  078.43528842 1
115  17.23683925  078.43526666
120 Linear Feature 81
111  17.23684474  078.43568537 1
115  17.23570794  078.43570963
120 Linear Feature 7
111  17.23464012  078.42750254 2
115  17.23329536  078.42752558
120 Linear Feature 6
111  17.23328878  078.42713129 2
115  17.23440885  078.42711938
120 Linear Feature 5
111  17.23329237  078.42733505 1
115  17.23463203  078.42731786
120 Linear Feature 14
111  17.23330637  078.42831565 2
115  17.23468748  078.42829479
120 Linear Feature 13
111  17.23442199  078.42791471 2
115  17.23330314  078.42793173
120 Linear Feature 12
111  17.23331241  078.42875538 2
115  17.23441115  078.42874388
120 Linear Feature 11
111  17.23331763  078.42913648 2
115  17.23459870  078.42910411
120 Linear Feature 10
111  17.23332380  078.42958599 2
115  17.23439822  078.42957495
120 Linear Feature 9
111  17.23332814  078.42997903 2
115  17.23466738  078.42995168
120 Linear Feature 8
111  17.23333317  078.43032279 2
115  17.23445839  078.43029846
120 Linear Feature 10
111  17.23634439  078.42806631 1
111  17.23633963  078.42752786 1
111  17.23633596  078.42711615 1
111  17.23633220  078.42669004 1
111  17.23633066  078.42651642 1
111  17.23632860  078.42628292 1
111  17.23632709  078.42611212 1
111  17.23632500  078.42587584 1
111  17.23632268  078.42561248 1
112  17.23604039  078.42542681  17.23574001  078.42542302 1
111  17.23377318  078.42547608 1
112  17.23334359  078.42566675  17.23321014  078.42589537
111  17.23334359  078.42566675
112  17.23334359  078.42566675  17.23334337  078.42567331 1
112  17.23328361  078.42593362  17.23327908  078.42608603
111  17.23328361  078.42593362
112  17.23328361  078.42593362  17.23328180  078.42614581 1
112  17.23328473  078.42634480  17.23328338  078.42650530
111  17.23328473  078.42634480
112  17.23328473  078.42634480  17.23328405  078.42642505 1
112  17.23328611  078.42653561  17.23328469  078.42661195 1
111  17.23328977  078.42672248 1
111  17.23328680  078.42698016 1
111  17.23328878  078.42713129 1
111  17.23329237  078.42733505 1
111  17.23329536  078.42752558 1
111  17.23329672  078.42761210 1
111  17.23330314  078.42793173 1
111  17.23330390  078.42813571 1
111  17.23330637  078.42831565 1
111  17.23331241  078.42875538 1
111  17.23331522  078.42896056 1
111  17.23331763  078.42913648 1
111  17.23332380  078.42958599 1
111  17.23332446  078.42972625 1
111  17.23332814  078.42997903 1
111  17.23333317  078.43032279 1
111  17.23333388  078.43037173 1
111  17.23334055  078.43083027 1
111  17.23334621  078.43121951 1
111  17.23334696  078.43127553 1
111  17.23335252  078.43168043 1
111  17.23335721  078.43202128 1
111  17.23335815  078.43208976 1
111  17.23336384  078.43250524 1
111  17.23336926  078.43289895 1
111  17.23337465  078.43329191 1
111  17.23338017  078.43369450 1
111  17.23338576  078.43410212 1
111  17.23339136  078.43451034 1
111  17.23339711  078.43492976 1
111  17.23340270  078.43533720 1
111  17.23340834  078.43574878 1
111  17.23341225  078.43603386 1
111  17.23341602  078.43639002 1
111  17.23341861  078.43658092 1
112  17.23379279  078.43699030  17.23412122  078.43698113
111  17.23379279  078.43699030
112  17.23379279  078.43699030  17.23395701  078.43698572 1
112  17.23622089  078.43693733  17.23622486  078.43694023 1
111  17.23665103  078.43692154 1
112  17.23686122  078.43661435  17.23684809  078.43632550 1
111  17.23684809  078.43594036 1
111  17.23684474  078.43568537 1
111  17.23683925  078.43526666 1
111  17.23683390  078.43485877 1
111  17.23682850  078.43444755 1
111  17.23682314  078.43403909 1
111  17.23681780  078.43363189 1
111  17.23681249  078.43322942 1
111  17.23680714  078.43282235 1
111  17.23680199  078.43242765 1
111  17.23679649  078.43200862 1
111  17.23679554  078.43193599 1
112  17.23669920  078.43159212  17.23664227  078.43144998 1
112  17.23634449  078.43121156  17.23610364  078.43121615 1
115  17.23557815  078.43122990
120 Linear Feature 9
111  17.23639868  078.42533371 1
115  17.23641677  078.42806631
120 Linear Feature 8
111  17.23639858  078.42533811 1
111  17.23308863  078.42539372 1
111  17.23310340  078.42683320 1
111  17.23306153  078.42696299 1
112  17.23296819  078.42705565  17.23290342  078.42707964
111  17.23296819  078.42705565
112  17.23296819  078.42705565  17.23287831  078.42708987 1
111  17.23284692  078.42709883 1
112  17.23271373  078.42713204  17.23267083  078.42714059 1
111  17.23258413  078.42715404 1
111  17.23245353  078.42717055 1
111  17.23232682  078.42718184 1
111  17.23219583  078.42718782 1
111  17.23206125  078.42719467 1
111  17.23193050  078.42719681 1
111  17.23180306  078.42719180 1
111  17.23167115  078.42718184 1
111  17.23154306  078.42716789 1
111  17.23141988  078.42714120 1
111  17.23129944  078.42711553 1
111  17.23117891  078.42704923 1
112  17.23108514  078.42696071  17.23106472  078.42692007 1
115  17.23104077  078.42683255
120 Linear Feature 7
111  17.23161600  078.42246931 1
115  17.23162108  078.42254501
120 Linear Feature 6
111  17.23137031  078.42251434 1
115  17.23138899  078.42258618
120 Linear Feature 5
111  17.23148920  078.42248657 1
115  17.23150188  078.42256095
120 Linear Feature 4
111  17.23100791  078.42280718 1
115  17.23106553  078.42283187
120 Linear Feature 3
111  17.23105763  078.42268228 1
115  17.23110739  078.42272031
120 Linear Feature 2
111  17.23115179  078.42259415 1
115  17.23118350  078.42266055
120 Linear Feature 1
111  17.23124819  078.42255298 1
115  17.23127229  078.42261938
120 Linear Feature 37
111  17.23110852  078.42196067 1
115  17.23105238  078.42199808
120 Linear Feature 36
111  17.23131922  078.42215118 2
115  17.23133009  078.42252425
120 Linear Feature 35
112  17.23129811  078.42206671  17.23129708  078.42206887 1
115  17.23127426  078.42213255
120 Linear Feature 34
111  17.23219251  078.42169456 1
115  17.23213090  078.42167974
120 Linear Feature 33
111  17.23221506  078.42155210 1
115  17.23214793  078.42154343
120 Linear Feature 32
112  17.23222724  078.42141222  17.23222750  078.42141227 1
115  17.23216295  078.42140607
120 Linear Feature 31
111  17.23223473  078.42127039 1
115  17.23216395  078.42126661
120 Linear Feature 30
112  17.23179015  078.42216046  17.23178952  078.42215970 1
115  17.23177150  078.42209470
120 Linear Feature 29
112  17.23153372  078.42211489  17.23153310  078.42211684 1
115  17.23152739  078.42218864
120 Linear Feature 28
111  17.23165871  078.42218520 1
115  17.23165063  078.42211554
120 Linear Feature 27
111  17.23202769  078.42206419 1
115  17.23199066  078.42199763
120 Linear Feature 26
111  17.23211290  078.42194956 1
115  17.23205811  078.42191627
120 Linear Feature 25
112  17.23275209  078.42155890  17.23275209  078.42156067 20
115  17.23275321  078.42163007
120 Linear Feature 24
111  17.23111145  078.42160536 22
115  17.23280147  078.42159589
120 Linear Feature 23
111  17.23118664  078.42156693 20
115  17.23118889  078.42163772
120 Linear Feature 22
111  17.23159774  078.42156466 20
115  17.23159887  078.42163638
120 Linear Feature 21
111  17.23195460  078.42156270 20
115  17.23195470  078.42163521
120 Linear Feature 20
111  17.23100347  078.42186963 1
115  17.23105781  078.42184478
120 Linear Feature 19
111  17.23116328  078.42208316 1
115  17.23119103  078.42202138
120 Linear Feature 18
111  17.23138718  078.42216947 1
115  17.23140177  078.42209890
120 Linear Feature 17
111  17.23216744  078.42182657 1
115  17.23209481  078.42180288
120 Linear Feature 16
111  17.23191497  078.42212478 1
115  17.23189375  078.42205622
120 Linear Feature 15
111  17.23224193  078.42113439 1
115  17.23216143  078.42113356
120 Linear Feature 7
112  17.23196176  078.42233271  17.23197230  078.42233271 1
115  17.23130538  078.42233730
120 Linear Feature 6
111  17.23234903  078.42068959 1
111  17.23234903  078.42188731 1
116  17.23196176  078.42233271  17.23159337  078.42235002
120 Linear Feature 5
111  17.23234431  078.41915647 2
111  17.23234493  078.41935672 2
111  17.23234567  078.41959758 2
111  17.23234637  078.41982537 2
111  17.23234768  078.42025021 2
111  17.23234848  078.42050863 2
115  17.23234903  078.42068959
120 Linear Feature 14
111  17.23370288  078.41915814 2
115  17.23370326  078.42093644
120 Linear Feature 4
111  17.23470713  078.41915938 1
111  17.23370288  078.41915814 1
111  17.23234431  078.41915647 1
111  17.23223217  078.41915675 1
111  17.23224193  078.42113439 1
112  17.23223473  078.42127039  17.23223377  078.42129850
111  17.23223473  078.42127039
112  17.23223473  078.42127039  17.23223377  078.42129850 1
112  17.23222724  078.42141222  17.23222575  078.42144815 1
112  17.23221506  078.42155210  17.23221243  078.42159119 1
112  17.23219251  078.42169456  17.23218859  078.42172018 1
112  17.23216744  078.42182657  17.23216284  078.42183921
111  17.23216744  078.42182657
112  17.23216744  078.42182657  17.23215824  078.42185186 1
112  17.23211290  078.42194956  17.23209319  078.42198194
111  17.23211290  078.42194956
112  17.23211290  078.42194956  17.23209817  078.42198324 1
112  17.23202769  078.42206419  17.23199852  078.42208892
111  17.23202769  078.42206419
112  17.23202769  078.42206419  17.23198858  078.42209217 1
112  17.23191497  078.42212478  17.23187125  078.42213683
111  17.23191497  078.42212478
112  17.23191497  078.42212478  17.23187125  078.42213683 1
112  17.23178952  078.42215970  17.23174291  078.42216916 1
112  17.23165871  078.42218520  17.23161181  078.42218982
111  17.23165871  078.42218520
112  17.23165871  078.42218520  17.23161181  078.42218982 1
112  17.23152739  078.42218864  17.23148280  078.42218615 1
112  17.23138718  078.42216947  17.23134750  078.42215759
111  17.23138718  078.42216947
112  17.23138718  078.42216947  17.23136734  078.42216353 1
112  17.23131922  078.42215118  17.23129652  078.42214381 1
112  17.23127426  078.42213255  17.23127148  078.42212996
111  17.23127426  078.42213255
112  17.23127426  078.42213255  17.23124865  078.42212738 1
111  17.23116328  078.42208316 1
112  17.23105238  078.42199808  17.23103302  078.42195344
111  17.23105238  078.42199808
112  17.23105238  078.42199808  17.23103302  078.42197421 1
112  17.23100347  078.42186963  17.23099845  078.42184834 1
116  17.23099732  078.42182809  17.23099599  078.42180324
120 Linear Feature 3
111  17.23100701  078.42286838 1
112  17.23100791  078.42280718  17.23100873  078.42278900 1
112  17.23105763  078.42268228  17.23107934  078.42265235 1
112  17.23115179  078.42259415  17.23119357  078.42257064
111  17.23115179  078.42259415
112  17.23115179  078.42259415  17.23117419  078.42258225 1
112  17.23124819  078.42255298  17.23127161  078.42254483
111  17.23124819  078.42255298
112  17.23124819  078.42255298  17.23127161  078.42254483 1
112  17.23137031  078.42251434  17.23139354  078.42250782 1
112  17.23148920  078.42248657  17.23151064  078.42248277 1
112  17.23161600  078.42246931  17.23163379  078.42246753 1
112  17.23166680  078.42246315  17.23168206  078.42246213
111  17.23166680  078.42246315
112  17.23166680  078.42246315  17.23178888  078.42245499 1
111  17.23246806  078.42244683 1
111  17.23245703  078.42096057 1
111  17.23370326  078.42093644 1
115  17.23470498  078.42091705
120 Linear Feature 2
111  17.23081396  078.42281380 1
116  17.23130538  078.42233730  17.23172256  078.42231636
120 Linear Feature 1
111  17.23079825  078.42181638 1
116  17.23130538  078.42233730  17.23169970  078.42233431
120 Linear Feature 35
111  17.23061051  078.42316959 1
115  17.23054996  078.42314678
120 Linear Feature 33
111  17.22910465  078.42667487 1
115  17.22917680  078.42669842
120 Linear Feature 33
111  17.22914536  078.42653496 1
115  17.22921372  078.42655978
120 Linear Feature 33
111  17.22906443  078.42681311 1
115  17.22913478  078.42683572
120 Linear Feature 33
111  17.22906443  078.42681311 1
115  17.22913478  078.42683572
120 Linear Feature 32
111  17.22918917  078.42640013 1
115  17.22925080  078.42642249
120 Linear Feature 31
111  17.22923119  078.42626559 1
115  17.22929001  078.42629198
120 Linear Feature 30
111  17.22928097  078.42613808 1
115  17.22934323  078.42616588
120 Linear Feature 29
111  17.22933480  078.42601071 1
115  17.22939240  078.42603511
120 Linear Feature 29
111  17.22939158  078.42587638 1
115  17.22944702  078.42590754
120 Linear Feature 29
111  17.22944788  078.42574316 1
115  17.22950164  078.42577410
120 Linear Feature 29
111  17.22950879  078.42561563 1
115  17.22956887  078.42565092
120 Linear Feature 27
111  17.23004305  078.42465471 1
115  17.23010128  078.42469283
120 Linear Feature 26
111  17.23011072  078.42454135 1
115  17.23015673  078.42458011
120 Linear Feature 25
111  17.23021413  078.42444290 1
115  17.23024857  078.42450299
120 Linear Feature 24
111  17.23034079  078.42439966 1
115  17.23034443  078.42446800
120 Linear Feature 23
111  17.23046879  078.42442593 1
115  17.23043435  078.42449003
120 Linear Feature 22
111  17.23055733  078.42452954 1
115  17.23050036  078.42456615
120 Linear Feature 21
111  17.23061802  078.42466230 1
115  17.23055393  078.42468734
120 Linear Feature 28
111  17.22957423  078.42549794 1
115  17.22962750  078.42553301
120 Linear Feature 28
111  17.22964052  078.42538131 1
115  17.22969473  078.42541570
120 Linear Feature 28
111  17.22970774  078.42525667 1
115  17.22976196  078.42529106
120 Linear Feature 28
111  17.22976937  078.42514669 1
115  17.22982358  078.42518108
120 Linear Feature 28
111  17.22983800  078.42502352 1
115  17.22989221  078.42505790
120 Linear Feature 28
111  17.22990742  078.42490069 1
115  17.22996109  078.42493471
120 Linear Feature 28
111  17.22997534  078.42477649 1
115  17.23002901  078.42481052
120 Linear Feature 20
111  17.23061802  078.42466230 1
112  17.23055733  078.42452954  17.23053703  078.42450120 1
112  17.23046879  078.42442593  17.23043496  078.42441176 1
112  17.23034079  078.42439966  17.23028440  078.42440674 1
112  17.23021413  078.42444290  17.23018029  078.42446179 1
112  17.23011072  078.42454135  17.23008816  078.42457678 1
111  17.23004305  078.42465471 1
111  17.22997534  078.42477649 1
111  17.22990742  078.42490069 1
111  17.22983800  078.42502352 1
111  17.22976937  078.42514669 1
111  17.22970774  078.42525667 1
111  17.22964052  078.42538131 1
111  17.22957423  078.42549794 1
111  17.22950879  078.42561563 1
111  17.22944788  078.42574316 1
111  17.22939158  078.42587638 1
111  17.22933480  078.42601071 1
111  17.22928097  078.42613808 1
111  17.22923119  078.42626559 1
111  17.22918917  078.42640013 1
111  17.22914536  078.42653496 1
111  17.22910465  078.42667487 1
115  17.22906443  078.42681311
120 Linear Feature 34
111  17.22938247  078.42538541 1
115  17.22932178  078.42534816
120 Linear Feature 34
111  17.22945175  078.42525876 1
115  17.22938621  078.42521912
120 Linear Feature 34
111  17.22951556  078.42514212 1
115  17.22945483  078.42510474
120 Linear Feature 34
111  17.22965198  078.42489635 1
115  17.22959545  078.42486074
120 Linear Feature 34
111  17.22972400  078.42476548 1
115  17.22966786  078.42473008
120 Linear Feature 34
111  17.22985647  078.42452476 1
115  17.22980036  078.42448329
120 Linear Feature 34
111  17.22992665  078.42439724 1
115  17.22986506  078.42436232
120 Linear Feature 34
111  17.23006615  078.42414922 1
115  17.23001048  078.42410662
120 Linear Feature 34
111  17.23013291  078.42402839 1
115  17.23007364  078.42398854
120 Linear Feature 34
111  17.23020082  078.42390550 1
115  17.23014807  078.42386573
120 Linear Feature 34
111  17.23026701  078.42378570 1
115  17.23021349  078.42375001
120 Linear Feature 34
111  17.23040665  078.42353298 1
115  17.23034988  078.42349345
120 Linear Feature 34
111  17.23046788  078.42342218 1
115  17.23041150  078.42338376
120 Linear Feature 34
111  17.23054170  078.42329383 1
115  17.23048237  078.42325149
120 Linear Feature 34
111  17.23033441  078.42366372 1
115  17.23027439  078.42362249
120 Linear Feature 34
111  17.22999505  078.42427295 1
115  17.22994055  078.42423650
120 Linear Feature 34
111  17.22978687  078.42465124 1
115  17.22972641  078.42461234
120 Linear Feature 34
111  17.22958494  078.42501711 1
115  17.22952766  078.42498010
120 Linear Feature 34
111  17.22932164  078.42549662 1
115  17.22925736  078.42546107
120 Linear Feature 34
111  17.22925570  078.42563468 1
115  17.22919025  078.42560159
120 Linear Feature 34
111  17.22919856  078.42575893 1
115  17.22913059  078.42572651
120 Linear Feature 19
111  17.23061051  078.42316959 1
111  17.23054170  078.42329383 1
111  17.23046788  078.42342218 1
111  17.23040665  078.42353298 1
111  17.23033441  078.42366372 1
111  17.23026701  078.42378570 1
111  17.23020082  078.42390550 1
111  17.23013291  078.42402839 1
111  17.23006615  078.42414922 1
111  17.22999505  078.42427295 1
111  17.22992665  078.42439724 1
111  17.22985647  078.42452476 1
111  17.22978687  078.42465124 1
111  17.22972400  078.42476548 1
111  17.22965198  078.42489635 1
111  17.22958494  078.42501711 1
111  17.22951556  078.42514212 1
111  17.22945175  078.42525876 1
111  17.22938247  078.42538541 1
111  17.22932164  078.42549662 1
111  17.22925570  078.42563468 1
111  17.22919856  078.42575893 1
115  17.22906669  078.42604426
120 Linear Feature 18
111  17.23005904  078.42437401 1
112  17.23056559  078.42420228  17.23084251  078.42436795 1
115  17.23080735  078.42460726
120 Linear Feature 17
111  17.23080374  078.42302998 1
111  17.23005904  078.42437401 1
111  17.22946823  078.42545208 1
116  17.22886920  078.42737702  17.22885268  078.42817227
120 Linear Feature 16
111  17.23033321  078.42233771 1
116  17.23081396  078.42281380  17.23082486  078.42316752
120 Linear Feature 15
111  17.22982757  078.42235817 1
112  17.22980577  078.42233395  17.22978800  078.42233325 1
112  17.22977157  078.42235993  17.22977191  078.42238064 1
112  17.22979739  078.42238801  17.22981248  078.42238801 1
116  17.22982757  078.42235817  17.22982488  078.42233360
120 Linear Feature 14
111  17.22974202  078.42223059 4
115  17.22974206  078.42248296
120 Linear Feature 13
111  17.22998071  078.42248431 4
115  17.22997176  078.42221982
120 Linear Feature 11
111  17.22901190  078.42196242 1
112  17.22946744  078.42220508  17.22988303  078.42225947 1
112  17.22997176  078.42221982  17.23000763  078.42222646
111  17.22997176  078.42221982
112  17.22997176  078.42221982  17.23000623  078.42222352 1
112  17.23045046  078.42207957  17.23052638  078.42201263 1
116  17.23060231  078.42183691  17.23059431  078.42170722
120 Linear Feature 10
111  17.22933158  078.42236699 1
116  17.22881210  078.42279498  17.22870421  078.42313805
120 Linear Feature 9
112  17.23079825  078.42181527  17.23079825  078.42181638 1
112  17.23033321  078.42233771  17.22992562  078.42235863 1
111  17.22971383  078.42236281 1
111  17.22933158  078.42236699 1
116  17.22876015  078.42173107  17.22874816  078.42114116
120 Linear Feature 8
111  17.22945760  078.42184841 20
115  17.22942546  078.42180344
120 Linear Feature 4
111  17.23038661  078.42157958 20
115  17.23038844  078.42164565
120 Linear Feature 3
111  17.22919450  078.42205589 20
111  17.22947132  078.42183690 20
112  17.22969689  078.42172956  17.22978301  078.42171024 20
111  17.22992655  078.42167803 20
112  17.23018339  078.42165442  17.23026541  078.42164798 20
115  17.23051558  078.42164154
120 Linear Feature 2
111  17.22906645  078.42108264 20
112  17.22940000  078.42140420  17.22949247  078.42146298 20
112  17.22962930  078.42153353  17.22963332  078.42153634 20
111  17.22987323  078.42162007 20
112  17.22955950  078.42172312  17.22950618  078.42175103 20
111  17.22925396  078.42191205 20
115  17.22913093  078.42201295
120 Linear Feature 1
111  17.23051216  078.42157466 20
111  17.23038661  078.42157958 20
111  17.23016356  078.42158832 20
112  17.22982602  078.42153559  17.22968071  078.42148373 20
112  17.22930093  078.42124515  17.22912260  078.42106535 20
115  17.22906250  078.42095015
120 Linear Feature 28
111  17.23046801  078.41442678 1
115  17.23048440  078.41520879
120 Linear Feature 27
111  17.23040321  078.41369962 1
115  17.23034859  078.41373405
120 Linear Feature 26
111  17.23031670  078.41360951 1
115  17.23027378  078.41368398
120 Linear Feature 25
111  17.22929806  078.41352424 1
115  17.22931941  078.41360565
120 Linear Feature 24
111  17.22943114  078.41349943 1
115  17.22944355  078.41359118
120 Linear Feature 23
111  17.22955470  078.41348389 1
115  17.22956701  078.41356610
120 Linear Feature 22
112  17.23006188  078.41352609  17.23006188  078.41352919 1
115  17.23004640  078.41360012
120 Linear Feature 21
111  17.22995292  078.41350380 1
115  17.22993956  078.41357837
120 Linear Feature 20
111  17.22981307  078.41348756 1
115  17.22981047  078.41356439
120 Linear Feature 19
111  17.22968012  078.41347807 1
115  17.22968286  078.41355817
120 Linear Feature 18
111  17.23045749  078.41382679 1
115  17.23039184  078.41385335
120 Linear Feature 17
111  17.23019462  078.41355432 1
115  17.23017074  078.41362964
120 Linear Feature 16
111  17.22896715  078.41367773 1
115  17.22900764  078.41373473
120 Linear Feature 15
111  17.22907019  078.41361789 1
115  17.22909839  078.41367824
120 Linear Feature 14
111  17.22918467  078.41356534 1
115  17.22920386  078.41363458
120 Linear Feature 13
111  17.22887507  078.41378098 1
115  17.22895123  078.41382076
120 Linear Feature 12
111  17.22903217  078.41385414 1
115  17.22899048  078.41385671
120 Linear Feature 11
111  17.23046801  078.41442678 1
111  17.23045749  078.41382679 1
112  17.23040321  078.41369962  17.23038352  078.41366750
111  17.23040321  078.41369962
112  17.23040321  078.41369962  17.23038352  078.41366750 1
112  17.23031670  078.41360951  17.23028173  078.41358155 1
112  17.23019462  078.41355432  17.23013950  078.41354015
111  17.23019462  078.41355432
112  17.23019462  078.41355432  17.23016767  078.41354916 1
112  17.23011333  078.41353820  17.23008617  078.41353266 1
112  17.23006188  078.41352609  17.23003504  078.41352049
111  17.23006188  078.41352609
112  17.23006188  078.41352609  17.23003504  078.41352049 1
112  17.22995292  078.41350380  17.22992692  078.41349846 1
112  17.22981307  078.41348756  17.22979036  078.41348368 1
112  17.22968012  078.41347807  17.22966282  078.41347692 1
116  17.22960959  078.41348041  17.22959579  078.41348109
120 Linear Feature 9
111  17.22960627  078.41232834 4
115  17.22960959  078.41348041
120 Linear Feature 8
111  17.23064933  078.41299661 1
112  17.23009125  078.41243048  17.22954474  078.41243956 1
112  17.22944932  078.41248194  17.22938281  078.41250341 1
111  17.22886539  078.41297239 1
112  17.22861671  078.41351128  17.22862249  078.41378677 1
115  17.22862209  078.41416673
120 Linear Feature 5
111  17.23037974  078.41281210 2
112  17.23059396  078.41304727  17.23066704  078.41319821 2
115  17.23067099  078.41347943
120 Linear Feature 4
111  17.23001526  078.41303580 2
116  17.23037974  078.41281210  17.23066881  078.41287225
120 Linear Feature 3
111  17.23013017  078.41334409 2
116  17.23001526  078.41303580  17.23007343  078.41286248
120 Linear Feature 2
111  17.22923080  078.41337228 2
111  17.23013017  078.41334409 2
112  17.23023251  078.41338732  17.23027920  078.41339296 2
115  17.23032229  078.41338544
120 Linear Feature 1
111  17.22862209  078.41416673 1
116  17.22923131  078.41337076  17.22984137  078.41334638
120 Linear Feature 38
111  17.23509865  078.43584828 22
111  17.23542851  078.43584313 22
112  17.23555406  078.43567173  17.23555160  078.43551966 22
115  17.23547506  078.43166709
120 Linear Feature 37
111  17.23479766  078.42221849 22
111  17.23482153  078.42357314 22
111  17.23471109  078.42492511 22
111  17.23471900  078.42548865 22
111  17.23473273  078.42713264 22
111  17.23477336  078.43183426 22
111  17.23481632  078.43393968 22
111  17.23488862  078.43482375 22
111  17.23497155  078.43573516 22
111  17.23497394  078.43601140 22
111  17.23497596  078.43716090 22
111  17.23498915  078.43790123 22
115  17.23501489  078.43894652
120 Linear Feature 36
111  17.23747891  078.42166061 22
115  17.23744770  078.41869831
120 Linear Feature 35
111  17.23976339  078.42190496 20
115  17.23767139  078.42192039
120 Linear Feature 34
111  17.23480457  078.41903179 20
115  17.23470100  078.41903179
120 Linear Feature 33
111  17.23608097  078.41831343 20
115  17.23599959  078.41831052
120 Linear Feature 32
111  17.23476240  078.41914083 22
115  17.23474850  078.41528145
120 Linear Feature 31
111  17.22894039  078.40736066 22
115  17.22902544  078.41216472
120 Linear Feature 12
111  17.23061429  078.42286610 1
112  17.23051160  078.42263666  17.23043688  078.42259028
111  17.23051160  078.42263666
112  17.23051160  078.42263666  17.23044767  078.42260319 1
112  17.22998071  078.42248431  17.22965477  078.42244953
111  17.22998071  078.42248431
112  17.22998071  078.42248431  17.22989889  078.42247974 1
112  17.22981110  078.42248120  17.22968323  078.42248120 1
112  17.22947943  078.42252304  17.22936355  078.42254814 1
116  17.22903987  078.42278243  17.22899592  078.42294978
120 Linear Feature 13
111  17.23633963  078.42752786 2
112  17.23619674  078.42744082  17.23612034  078.42744788 2
116  17.23600798  078.42752787  17.23598101  078.42754199
120 Linear Feature 12
111  17.23633596  078.42711615 1
115  17.23564619  078.42713260
120 Linear Feature 7
111  17.22941836  078.42141567 20
115  17.22944512  078.42136389
120 Linear Feature 6
111  17.23010585  078.42161974 22
112  17.22977538  078.42155764  17.22962286  078.42149909 22
112  17.22935153  078.42131988  17.22922951  078.42121342 22
116  17.22912444  078.42109632  17.22911088  078.42107680
120 Linear Feature 5
111  17.23048083  078.42160877 22
111  17.23029075  078.42161781 22
111  17.23010425  078.42162064 22
112  17.22981009  078.42166490  17.22969665  078.42169716 22
112  17.22950477  078.42178074  17.22948096  078.42179540 22
116  17.22917726  078.42202378  17.22912824  078.42208243
120 Linear Feature 7
111  17.23052846  078.45005752 20
112  17.23046709  078.44999063  17.23041917  078.44999063 20
112  17.23038639  078.45006632  17.23038807  078.45011737 20
112  17.23045112  078.45013321  17.23048222  078.45013321 20
116  17.23052846  078.45005752  17.23052930  078.44999239
120 Linear Feature 8
111  17.23007901  078.41556741 20
112  17.23001509  078.41549903  17.22997063  078.41549831 20
112  17.22994214  078.41557177  17.22994214  078.41560305 20
112  17.22999911  078.41563724  17.23003246  078.41563506 20
116  17.23007901  078.41556741  17.23008110  078.41549903
120 Linear Feature 7
111  17.23067296  078.41375652 1
116  17.23032229  078.41338544  17.23008691  078.41333549
120 Linear Feature 6
111  17.23067099  078.41347943 2
115  17.23067296  078.41375652
120 Linear Feature 12
111  17.23234903  078.42068959 1
115  17.23438638  078.42068822
120 Linear Feature 11
111  17.23234848  078.42050863 1
115  17.23434036  078.42050864
120 Linear Feature 10
111  17.23234768  078.42025021 1
115  17.23445332  078.42025459
120 Linear Feature 9
111  17.23234637  078.41982537 1
115  17.23444913  078.41982535
120 Linear Feature 13
111  17.23444495  078.41935668 1
115  17.23234493  078.41935672
120 Linear Feature 8
111  17.23234567  078.41959758 2
115  17.23452025  078.41959320
120 Linear Feature 35
111  17.23539688  078.42748961 1
115  17.23487424  078.42750204
14  17.23502241  078.42168568  82.02 0 New Tower Viewpoint 1
19  17.23047044  078.45004811 1 New Windsock 3
19  17.23001424  078.41556539 1 New Windsock 2
54 11845 Shamshabad TWR
52 12163 Shamshabad CLR
50 12647 Shamshabad ATIS
53 12185 Shamshabad GND
56 12095 Hyderabad Control
56 12835 Hyderabad Control
55 12555 Hyderabad APP
55 12025 Hyderabad APP
99
