I
1000 Generated by WorldEditor

1    458 1 0 VOMD MADURAI
100 45.11 1 0 0.25 0 3 0 09  09.83396100  078.08506400    0   58 2 0 0 0 27  09.83505300  078.10169400   62   58 2 0 0 0
110 2 0.00 0.0000 New Taxiway 27
111  09.83913551  078.09101431
112  09.83907701  078.09093747  09.83900474  078.09094096
111  09.83853331  078.09100383
112  09.83848170  078.09101780  09.83847826  078.09106320
112  09.83851955  078.09130418  09.83851955  078.09133212
112  09.83849202  078.09137053  09.83847482  078.09137053
111  09.83846105  078.09137403
111  09.83847137  078.09178264
111  09.83906668  078.09170930
114  09.83919056  078.09162548  09.83919056  078.09154865
110 2 0.00 0.0000 New Taxiway 14
111  09.83924119  078.09095055
112  09.83912211  078.09080645  09.83901677  078.09080180
112  09.83903051  078.09078786  09.83901219  078.09076462
111  09.83895265  078.09064841
112  09.83864578  078.09060192  09.83858166  078.09060657
112  09.83841678  078.09075067  09.83839846  078.09087618
112  09.83829769  078.09088083  09.83824731  078.09088083
112  09.83817403  078.09087153  09.83815571  078.09085294
112  09.83814197  078.09068095  09.83812365  078.09067630
111  09.83780304  078.09067165
111  09.83778014  078.09029048
112  09.83757404  078.09030907  09.83755572  078.09032766
112  09.83747328  078.09046247  09.83746412  078.09052290
112  09.83747328  078.09071348  09.83747786  078.09072743
112  09.83765648  078.09078786  09.83774350  078.09079251
111  09.83782594  078.09077856
112  09.83785342  078.09074137  09.83788548  078.09072743
111  09.83805495  078.09075532
112  09.83805495  078.09082505  09.83803663  078.09084829
112  09.83789922  078.09177333  09.83805953  078.09261470
111  09.83815571  078.09271696
112  09.83814631  078.09279251  09.83813117  078.09280019
112  09.83758988  078.09284245  09.83757474  078.09284629
112  09.83751418  078.09280787  09.83749904  078.09275793
111  09.83746497  078.09264268
111  09.83738548  078.09271183
112  09.83744226  078.09288471  09.83744226  078.09288855
112  09.83766180  078.09293081  09.83781321  078.09290392
111  09.83816660  078.09289320
112  09.83824341  078.09368171  09.83823856  078.09367968
111  09.83830892  078.09366640
111  09.83825380  078.09282228
112  09.83842413  078.09265709  09.83862853  078.09263788
112  09.83926823  078.09259946  09.83927202  078.09260330
112  09.83933258  078.09269935  09.83936665  078.09272624
114  09.83938179  078.09264556  09.83938179  078.09251495
111  09.83889119  078.09083270
112  09.83849202  078.09086064  09.83834061  078.09086413
111  09.83857805  078.09072443
112  09.83883269  078.09072094  09.83894625  078.09072792
113  09.83897033  078.09081174
111  09.83837502  078.09132863
112  09.83828556  078.09138800  09.83819953  078.09139498
111  09.83818921  078.09134259
112  09.83818232  078.09108066  09.83818576  078.09097240
112  09.83829932  078.09095493  09.83835094  078.09095144
113  09.83834405  078.09102827
112  09.83839567  078.09159405  09.83838879  078.09162548
112  09.83828556  078.09164295  09.83820641  078.09164993
111  09.83822017  078.09161151
112  09.83820985  078.09150674  09.83820641  078.09145435
111  09.83826147  078.09146134
112  09.83833029  078.09145784  09.83837502  078.09146134
113  09.83839223  078.09152420
111  09.83839567  078.09184201
111  09.83823738  078.09183154
111  09.83824426  078.09170232
113  09.83839567  078.09169533
111  09.83841976  078.09207251
111  09.83823394  078.09207251
111  09.83823738  078.09189091
113  09.83841976  078.09188392
111  09.83845417  078.09258241
111  09.83824770  078.09258940
111  09.83824770  078.09215284
113  09.83842664  078.09214935
111  09.83797586  078.09142292
112  09.83797586  078.09111908  09.83799994  078.09103875
111  09.83806533  078.09096890
113  09.83808253  078.09138450
111  09.83809629  078.09165342
111  09.83800683  078.09166390
111  09.83797930  078.09149626
114  09.83809629  078.09148229  09.83809974  078.09148229
111  09.83812727  078.09208648
111  09.83802403  078.09208299
112  09.83802747  078.09194329  09.83803435  078.09191535
111  09.83800683  078.09172676
113  09.83810318  078.09171279
112  09.83814447  078.09256844  09.83813759  078.09257543
112  09.83805156  078.09244271  09.83802747  078.09239033
112  09.83804124  078.09219475  09.83803780  078.09218078
113  09.83813415  078.09217729
112  09.83930068  078.09213189  09.83931788  078.09224364
111  09.83920089  078.09224714
112  09.83862278  078.09229603  09.83850235  078.09233096
111  09.83851611  078.09217380
112  09.83845073  078.09099684  09.83845761  078.09093049
112  09.83849546  078.09093398  09.83850923  078.09092699
112  09.83903571  078.09086762  09.83920777  078.09086413
113  09.83919745  078.09097239
112  09.83930412  078.09244970  09.83931444  078.09254749
111  09.83920777  078.09253003
112  09.83868472  078.09256844  09.83854364  078.09259987
112  09.83852643  078.09248113  09.83852299  078.09242176
112  09.83853331  078.09237287  09.83853675  078.09236937
112  09.83866064  078.09233096  09.83869160  078.09232048
112  09.83865719  078.09239382  09.83866408  078.09243224
111  09.83872946  078.09244271
112  09.83907701  078.09243224  09.83913551  078.09241477
112  09.83913895  078.09234842  09.83914927  078.09230651
112  09.83924218  078.09228206  09.83930068  078.09227857
113  09.83931100  078.09234493
110 2 0.00 0.0000 New Taxiway 12
112  09.83709666  078.09093046  09.83708726  078.09096386
112  09.83712721  078.09123818  09.83714602  078.09124533
112  09.83731524  078.09123579  09.83733639  078.09123102
112  09.83734814  078.09103065  09.83736694  078.09100918
112  09.83766543  078.09115707  09.83768424  078.09116900
112  09.83772889  078.09115707  09.83773829  078.09115469
112  09.83779000  078.09101157  09.83780175  078.09092569
112  09.83766779  078.09087798  09.83764428  078.09087798
113  09.83736930  078.09088514
112  09.83763958  078.09105927  09.83761608  078.09105689
112  09.83747036  078.09099487  09.83746096  078.09098294
112  09.83751501  078.09096147  09.83754322  078.09096147
112  09.83764428  078.09096147  09.83767484  078.09097101
114  09.83767954  078.09102349  09.83768189  078.09104735
110 4 0.00 0.0000 New Taxiway 11
111  09.83672889  078.08967156
112  09.83702659  078.09049898  09.83704491  078.09056870
112  09.83705865  078.09066167  09.83705407  078.09068956
112  09.83699911  078.09080112  09.83698079  078.09088945
112  09.83711820  078.09086620  09.83714110  078.09087085
112  09.83721896  078.09084761  09.83724186  078.09084761
112  09.83730598  078.09077324  09.83732430  078.09071281
111  09.83753498  078.09024796
112  09.83752583  078.09016894  09.83751667  078.09017359
112  09.83738842  078.09026191  09.83736094  078.09029445
112  09.83723270  078.09071745  09.83720522  078.09077324
112  09.83716400  078.09068027  09.83714568  078.09066167
113  09.83677011  078.08961113
110 4 0.00 0.0000 New Taxiway 10
112  09.83605474  078.08751369  09.83626121  078.08752321
112  09.83640042  078.08793404  09.83647991  078.08811460
111  09.83650262  078.08825290
112  09.83661996  078.08920179  09.83661996  078.08923636
111  09.83663131  078.08930552
112  09.83671080  078.08919795  09.83670702  078.08920563
112  09.83666863  078.08917269  09.83665522  078.08913866
112  09.83654793  078.08818586  09.83652110  078.08792724
113  09.83623276  078.08747126
110 2 0.00 0.0000 terminal
111  09.83733184  078.09196772
111  09.83751289  078.09257343
111  09.83801582  078.09232162
111  09.83790183  078.09124632
111  09.83735866  078.09103534
113  09.83733854  078.09127354
110 1 0.00 0.0000 New Taxiway 7
111  09.83258168  078.09182774
111  09.83242357  078.09182774
112  09.83265046  078.09477837  09.83271919  078.09487801
112  09.83308693  078.09521466  09.83337154  078.09548746
112  09.83343479  078.09588865  09.83345060  078.09592074
112  09.83406726  078.10333465  09.83413051  078.10371978
111  09.83425700  078.10360745
112  09.83608706  078.10355870  09.83656225  078.10351048
111  09.83643157  078.10318494
112  09.83614505  078.09781483  09.83615487  078.09752586
111  09.83636104  078.09540349
111  09.83631195  078.09360993
111  09.83616469  078.09361989
112  09.83624323  078.09549316  09.83622359  078.09557288
111  09.83598797  078.09781483
112  09.83626442  078.10305807  09.83630006  078.10343183
111  09.83606246  078.10337155
112  09.83474383  078.10349211  09.83406669  078.10352828
111  09.83418549  078.10316658
112  09.83359114  078.09564704  09.83353435  078.09539176
113  09.83267427  078.09465886
110 1 0.00 0.0000 New Taxiway 6
111  09.83874335  078.08452053
112  09.83832954  078.08470170  09.83806178  078.08508050
111  09.83668241  078.08711453
112  09.83595216  078.08736982  09.83531116  078.08741099
111  09.83501418  078.08744490
112  09.83486245  078.08731808  09.83483567  078.08716408
111  09.83478212  078.08600461
112  09.83471071  078.08585967  09.83467501  078.08580532
112  09.83464824  078.08572380  09.83465716  078.08566945
112  09.83471071  078.08555169  09.83471071  078.08554263
111  09.83440972  078.08170668
112  09.83431468  078.08169462  09.83427904  078.08169462
111  09.83416025  078.08168256
112  09.83412461  078.08150171  09.83413649  078.08147760
111  09.83411273  078.08104356
112  09.83404621  078.08087948  09.83396766  078.08086952
111  09.83332950  078.08095920
112  09.83316260  078.08104888  09.83317242  078.08114852
111  09.83318224  078.08140759
112  09.83311351  078.08172644  09.83297606  078.08173641
112  09.83298588  078.08203533  09.83304479  078.08233426
111  09.83337663  078.08746990
112  09.83324736  078.08756174  09.83311293  078.08756436
111  09.83304312  078.08754862
112  09.83286473  078.08783462  09.83287249  078.08817310
111  09.83303744  078.09051411
112  09.83288781  078.09076721  09.83275480  078.09081221
111  09.83236700  078.09096441
112  09.83196741  078.09123842  09.83189181  078.09143571
112  09.83198901  078.09181933  09.83199981  078.09186318
112  09.83237780  078.09188510  09.83247500  078.09186318
111  09.83360896  078.09179741
111  09.83382029  078.09177248
112  09.83375147  078.09159436  09.83350027  078.09160135
111  09.83221988  078.09166508
112  09.83211625  078.09138667  09.83217721  078.09118869
112  09.83223207  078.09112682  09.83231132  078.09109588
111  09.83293922  078.09086078
112  09.83320745  078.09063186  09.83321964  078.09042769
111  09.83302109  078.08793296
112  09.83320885  078.08769477  09.83349720  078.08768116
112  09.83351732  078.08730004  09.83352402  078.08698017
111  09.83310993  078.08194804
112  09.83325075  078.08183234  09.83341839  078.08181873
112  09.83339157  078.08161456  09.83339157  078.08147164
111  09.83331110  078.08111094
112  09.83343180  078.08102928  09.83351227  078.08104289
111  09.83395485  078.08098844
112  09.83401520  078.08113817  09.83401520  078.08130831
111  09.83401520  078.08165540
112  09.83419625  078.08184596  09.83435048  078.08182554
112  09.83435719  078.08202290  09.83437731  078.08209777
111  09.83463202  078.08552509
112  09.83454484  078.08568162  09.83453813  078.08572246
112  09.83455155  078.08584496  09.83456496  078.08586537
112  09.83465213  078.08596065  09.83467225  078.08600829
111  09.83475201  078.08738969
112  09.83501018  078.08760679  09.83532736  078.08757684
111  09.83638955  078.08748701
112  09.83680262  078.08715761  09.83709768  078.08671593
111  09.83848280  078.08470022
112  09.83878685  078.08481099  09.83902460  078.08500898
111  09.83972457  078.08557593
112  09.83988657  078.08590475  09.83989737  078.08601436
111  09.83945458  078.08701178
111  09.83814601  078.08898943
112  09.83780463  078.08947821  09.83777415  078.08955864
112  09.83753030  078.09018972  09.83751811  078.09027634
111  09.83749373  078.09031346
111  09.83767051  078.09024540
111  09.83789607  078.08957101
112  09.83906148  078.08778672  09.83933471  078.08752147
111  09.84001184  078.08609877
114  09.83994057  078.08558033  09.83975049  078.08537537
110 1 0.00 0.0000 New Taxiway 2
111  09.83459119  078.09335957
112  09.83465824  078.09306012  09.83468507  078.09284915
111  09.83478565  078.09286276
111  09.83538917  078.09304651
111  09.83548305  078.09275387
112  09.83504047  078.09267220  09.83476554  078.09262456
111  09.83482589  078.09248845
111  09.83502706  078.09215497
112  09.83477224  078.09196441  09.83471860  078.09201885
113  09.83460460  078.09214136
110 2 0.00 0.0000 New Taxiway 5
111  09.83375146  078.08475880
111  09.83354419  078.08475880
111  09.83356858  078.08543937
113  09.83382461  078.08579203
110 2 0.00 0.0000 New Taxiway 4
111  09.83398274  078.09319060
111  09.83363526  078.09368556
112  09.83340971  078.09375981  09.83329388  078.09372887
111  09.83319025  078.09367319
111  09.83282448  078.09421764
111  09.83342799  078.09468166
111  09.83379376  078.09413102
112  09.83378766  078.09400110  09.83383034  078.09393923
114  09.83420220  078.09337621  09.83419001  078.09337621
110 2 0.00 0.0000 New Taxiway 3
111  09.83499413  078.09217300
112  09.83525230  078.09187355  09.83546621  078.09157410
111  09.83551784  078.09181366
112  09.83559161  078.09263715  09.83561374  078.09287672
111  09.83545146  078.09276442
112  09.83539245  078.09304141  09.83579814  078.09318365
111  09.83562849  078.09316868
111  09.83568750  078.09358791
111  09.83596780  078.09356545
111  09.83596780  078.09364032
112  09.83638087  078.09361786  09.83643988  078.09361786
112  09.83652840  078.09279437  09.83650627  078.09273448
112  09.83649889  078.09256229  09.83658741  078.09231524
111  09.83718489  078.09248743
111  09.83722914  078.09277939
111  09.83737667  078.09277191
111  09.83753196  078.09259893
112  09.83736939  078.09195511  09.83731795  078.09170373
111  09.83735454  078.09125968
111  09.83711850  078.09125968
111  09.83710375  078.09133454
111  09.83681607  078.09134951
111  09.83680870  078.09146929
112  09.83590141  078.09137946  09.83559898  078.09126716
111  09.83582027  078.09105006
112  09.83870341  078.08673349  09.83880399  078.08655654
112  09.83911246  078.08650210  09.83931363  078.08644765
112  09.83950776  078.08608070  09.83947855  078.08579953
112  09.83917951  078.08576707  09.83901187  078.08573985
111  09.83876376  078.08614820
113  09.83477076  078.09201889
110 1 0.00 0.0000 New Taxiway 1
111  09.83426261  078.09274706
111  09.83398097  078.09318943
111  09.83420896  078.09339360
114  09.83434978  078.09348208  09.83439672  078.09365222
130 Airport Boundary 28
111  09.83425073  078.08057025
111  09.83296220  078.08065553
111  09.83268209  078.08233283
111  09.83282215  078.09003703
111  09.83181374  078.09103204
111  09.83172970  078.09228291
111  09.83280681  078.09601352
111  09.83404327  078.10388916
111  09.83675004  078.10380591
111  09.83724218  078.09377490
111  09.83860599  078.09364326
111  09.83951528  078.09279783
111  09.83936783  078.09077683
111  09.83841937  078.09020113
111  09.84058705  078.08580113
111  09.83862982  078.08396424
111  09.83633587  078.08693317
111  09.83511524  078.08699725
113  09.83468824  078.08144947
120 Linear Feature 35
111  09.83699407  078.09193209 1
112  09.83683889  078.09209520  09.83684998  078.09223019 1
111  09.83697190  078.09217394 1
111  09.83722683  078.09211770 1
111  09.83694973  078.09217957 1
115  09.83683335  078.09229769
120 Linear Feature 34
111  09.83683335  078.09185897 1
116  09.83721020  078.09190959  09.83763139  078.09184210
120 Linear Feature 33
111  09.83682227  078.09184772 1
112  09.83686106  078.09169023  09.83693311  078.09163399 1
115  09.83719358  078.09159461
120 Linear Feature 32
111  09.83574159  078.09156649 1
115  09.83580256  078.09248892
120 Linear Feature 31
111  09.83471634  078.09271953 1
116  09.83446695  078.09241580  09.83441708  078.09217394
120 Linear Feature 30
111  09.83476622  078.09233143 1
116  09.83450575  078.09283202  09.83450575  078.09304575
120 Linear Feature 29
111  09.83443464  078.09209667 1
112  09.83476383  078.09232559  09.83501377  078.09199768 1
111  09.83538563  078.09146559 1
112  09.83575140  078.09157077  09.83591600  078.09175638 1
112  09.83653780  078.09176876  09.83672678  078.09177494 1
112  09.83681894  078.09184772  09.83685552  078.09192196 1
112  09.83683114  078.09226843  09.83681285  078.09232412 1
112  09.83666044  078.09238599  09.83655071  078.09237361 1
112  09.83580699  078.09248498  09.83572164  078.09261491 1
112  09.83573993  078.09285001  09.83574603  078.09294282 1
112  09.83558753  078.09292426  09.83549609  078.09289332 1
112  09.83472798  078.09270771  09.83469750  078.09270771 1
116  09.83450242  078.09328311  09.83450242  078.09384612
120 Linear Feature 9
111  09.83731723  078.09127467 20
116  09.83750338  078.09258925  09.83773089  078.09294610
21  09.83448081  078.08685958 2 86.1900 3.0 09  PAPI-4L
21  09.83449627  078.09933451 2 266.1900 3.0 27  PAPI-4L
14  09.83751781  078.09187799  82.02 0 New Tower Viewpoint 1
1300  09.83722980  078.09211256 351.87 misc heavy|jets New Ramp Start 4
1300  09.83719774  078.09191733 352.88 misc heavy|jets New Ramp Start 3
1300  09.83719316  078.09158729   0.00 misc heavy|jets New Ramp Start 2
19  09.83454159  078.08461179 1 WS
19  09.83447239  078.10214619 1 WS
54 12280 TWR
55 12280 APP
99
