I
1000 Generated by WorldEditor

1     51 0 0 VOMM Chennai International Airport
100 45.11 1 1 0.25 1 2 1 07  12.98374094  080.15173740    0    0 3 12 1 0 25  12.99647833  080.18573500    0    0 3 12 1 0
100 45.11 2 1 0.25 1 2 1 12  13.00259837  080.16460282    0    0 3 12 1 0 30  12.99336355  080.18256352  240    0 3 12 1 0
110 1 0.25 0.0000 Taxiway J
111  12.99381240  080.18213846
111  12.99358386  080.18258290 3 102
111  12.99359606  080.18263011 3 102
111  12.99359995  080.18264279 3 102
111  12.99360494  080.18265507 3 102
111  12.99361099  080.18266685 3 102
111  12.99361806  080.18267801 3 102
111  12.99362609  080.18268849 3 102
111  12.99393078  080.18305119 3 102
111  12.99394239  080.18306348 3 102
111  12.99520348  080.18425358 3 102
111  12.99521491  080.18426331 3 102
111  12.99522725  080.18427178 3 102
111  12.99524039  080.18427891 3 102
111  12.99525418  080.18428463 3 102
111  12.99526847  080.18428888 3 102
111  12.99546806  080.18433698 3 102
111  12.99548184  080.18433959 3 102
111  12.99549580  080.18434083 3 102
111  12.99550982  080.18434068 3 102
111  12.99552375  080.18433915 3 102
111  12.99553748  080.18433626 3 102
111  12.99555086  080.18433202 3 102
111  12.99556378  080.18432648 3 102
111  12.99570636  080.18425691
111  12.99559845  080.18396885 3 102
111  12.99559280  080.18398522 3 102
111  12.99548493  080.18403786 3 102
111  12.99537206  080.18401066 3 102
111  12.99414506  080.18285274 3 102
111  12.99386739  080.18252221 3 102
111  12.99380859  080.18229470 3 102
113  12.99381240  080.18213846
110 1 0.25 0.0000 Taxiway
111  12.99685930  080.17908894 3 102
111  12.99756442  080.17908894 3 102
111  12.99757191  080.17908874 3 102
111  12.99800733  080.17906570 3 102
111  12.99815281  080.17876841
111  12.99829871  080.17875482 3 102
111  12.99756066  080.17879388 3 102
111  12.99676842  080.17879388 3 102
111  12.99676258  080.17879400 3 102
111  12.99550553  080.17884577 3 102
111  12.99535040  080.17914745 3 102
111  12.99653350  080.17909873
111  12.99663809  080.17887737
111  12.99689875  080.17900545
113  12.99685930  080.17908894
110 1 0.25 0.0000 Taxiway
111  12.99685930  080.17908894
111  12.99677134  080.17908894
111  12.99653350  080.17909873 3 102
111  12.99638229  080.17941876 3 102
111  12.99613460  080.17990301 3 102
111  12.99586345  080.18042014 3 102
111  12.99586266  080.18042168 3 102
111  12.99519624  080.18172949 3 102
111  12.99533439  080.18209828 3 102
111  12.99605393  080.18068621
111  12.99592674  080.18062187
111  12.99605532  080.18035755
111  12.99618894  080.18042514 3 102
111  12.99632377  080.18016798
111  12.99619791  080.18010390
111  12.99632714  080.17983991
111  12.99645890  080.17990699 3 102
111  12.99657393  080.17968209
111  12.99644655  080.17961667
111  12.99657670  080.17935315
111  12.99670366  080.17941835 3 102
113  12.99685930  080.17908894
110 1 0.25 0.0000 Taxiway
111  12.99670366  080.17941835
111  12.99664195  080.17954895
111  12.99663989  080.17955314
111  12.99657393  080.17968209 3 102
111  12.99705675  080.17993007 3 102
111  12.99718689  080.17966655 3 102
113  12.99670366  080.17941835
110 1 0.25 0.0000 Taxiway
111  12.99645890  080.17990699
111  12.99639079  080.18004014
111  12.99639010  080.18004147
111  12.99632377  080.18016798 3 102
111  12.99681370  080.18041740 3 102
111  12.99694294  080.18015341 3 102
113  12.99645890  080.17990699
110 1 0.25 0.0000 Taxiway
111  12.99618894  080.18042514
111  12.99611901  080.18055850
111  12.99605393  080.18068621 3 102
111  12.99656074  080.18094257 3 102
111  12.99668931  080.18067824 3 102
113  12.99618894  080.18042514
110 1 0.25 0.0000 Taxiway A
111  12.99322815  080.17982431 102
111  12.99298033  080.17997094 3 102
111  12.99313381  080.18038471
111  12.99321055  080.18031732
111  12.99339936  080.18054090
111  12.99324697  080.18067472 3 102
111  12.99334225  080.18091291 3 102
111  12.99349105  080.18148050 3 102
111  12.99351520  080.18182078
111  12.99375666  080.18135123 3 102
111  12.99370344  080.18114824
111  12.99361018  080.18112533
111  12.99359736  080.18112154
111  12.99358493  080.18111655
111  12.99357301  080.18111042
111  12.99356169  080.18110319
111  12.99339729  080.18098709
111  12.99356202  080.18074452
111  12.99359736  080.18076949 3 102
113  12.99343961  080.18037514 3 102
110 1 0.25 0.0000 Taxiway A
111  12.99359736  080.18076949
111  12.99361360  080.18081008
111  12.99361941  080.18082771
111  12.99370344  080.18114824 3 102
111  12.99384337  080.18118260
111  12.99399649  080.18088482 3 102
111  12.99392351  080.18089879 3 102
111  12.99370420  080.18084493 3 102
113  12.99359736  080.18076949
110 1 0.25 0.0000 Taxiway
111  12.99324697  080.18067472
111  12.99317100  080.18048483
111  12.99316964  080.18048130
111  12.99313381  080.18038471 3 102
111  12.99250056  080.18094082 3 102
111  12.99252109  080.18096513 3 102
111  12.99267836  080.18083341 3 102
111  12.99280025  080.18106701 3 102
113  12.99324697  080.18067472
110 1 0.25 0.0000 Taxiway
111  12.99855537  080.17873092
111  12.99857801  080.17872881
111  12.99899455  080.17794895 3 102
111  12.99898026  080.17794096 3 102
113  12.99855537  080.17873092
110 1 0.25 0.0000 Taxiway C
111  12.99214208  080.17681549
111  12.99224976  080.17708631 3 102
111  12.99292778  080.17683190
113  12.99282330  080.17655497 3 102
110 1 0.25 0.0000 Taxiway
111  12.99136108  080.17673724 3 102
111  12.99136267  080.17674181 3 102
111  12.99137121  080.17674515 3 102
113  12.99136108  080.17673724
110 2 0.25 0.0000 Taxiway K
111  12.98431395  080.15442120
111  12.98432045  080.15447329
111  12.98432159  080.15448959
111  12.98432095  080.15450593
111  12.98431855  080.15452209
111  12.98425004  080.15484020
111  12.98398123  080.15472574 3 102
111  12.98345024  080.15667719 3 102
111  12.98345007  080.15667783 3 102
111  12.98288614  080.15877487
111  12.98316191  080.15886757 3 102
111  12.98361293  080.15719057
111  12.98374179  080.15670919 3 102
111  12.98425004  080.15484020 3 102
111  12.98440413  080.15471083 3 102
111  12.98455055  080.15471083 3 102
111  12.98465309  080.15475415 3 102
111  12.98452630  080.15441579 3 102
111  12.98435224  080.15441579 3 102
111  12.98433802  080.15441650 3 102
111  12.98432395  080.15441864 3 102
113  12.98431395  080.15442120
110 2 0.25 0.0000 Taxiway K
111  12.98431395  080.15442120 3 102
111  12.98428805  080.15421369 3 102
111  12.98428710  080.15420840 3 102
111  12.98428519  080.15419781 3 102
111  12.98428065  080.15418234 3 102
111  12.98413341  080.15376527 3 102
111  12.98413341  080.15361758 3 102
111  12.98417098  080.15356392 3 102
111  12.98420188  080.15355269 3 102
111  12.98420322  080.15355362
111  12.98409945  080.15327670 3 102
111  12.98403107  080.15330155 3 102
111  12.98401753  080.15330728 3 102
111  12.98400462  080.15331437 3 102
111  12.98399249  080.15332276 3 102
111  12.98398125  080.15333236 3 102
111  12.98397102  080.15334307 3 102
111  12.98396191  080.15335478 3 102
111  12.98387101  080.15348458 3 102
111  12.98386296  080.15349742 3 102
111  12.98385626  080.15351105 3 102
111  12.98385097  080.15352530 3 102
111  12.98384715  080.15354003 3 102
111  12.98384484  080.15355509 3 102
111  12.98384407  080.15357031 3 102
111  12.98384407  080.15379101 3 102
111  12.98384461  080.15380374 3 102
111  12.98384623  080.15381637 3 102
111  12.98384890  080.15382882 3 102
111  12.98385262  080.15384098 3 102
111  12.98400304  080.15426702 3 102
111  12.98403036  080.15448597 3 102
111  12.98398218  080.15472108
111  12.98398343  080.15471649
111  12.98398809  080.15470223
111  12.98399414  080.15468853
111  12.98400153  080.15467553
111  12.98401018  080.15466336
111  12.98402000  080.15465216
111  12.98403088  080.15464203
111  12.98426028  080.15444943
111  12.98427170  080.15444076
111  12.98428389  080.15443329
111  12.98429675  080.15442707
111  12.98431015  080.15442217
113  12.98431395  080.15442120
110 1 0.25 0.0000 Taxiway B
111  12.98374179  080.15670919
111  12.98372914  080.15675571
111  12.98361293  080.15719057 3 102
111  12.98509429  080.16113021
111  12.98515495  080.16110575
111  12.98523961  080.16069256 3 102
113  12.98374179  080.15670919
110 1 0.25 0.0000 Taxiway G
111  12.98509429  080.16113021 3 102
111  12.98387300  080.16162370 3 102
111  12.98397475  080.16189893 3 102
111  12.98519790  080.16140571
111  12.98514555  080.16126654
113  12.98509429  080.16113021
110 1 0.25 0.0000 Taxiway B
111  12.98519790  080.16140571 3 102
111  12.98735137  080.16713148
111  12.98748917  080.16707992
111  12.98758885  080.16735690
111  12.98745470  080.16740710 3 102
111  12.98910060  080.17181223
111  12.98923579  080.17175971
111  12.98936445  080.17169225
111  12.98936812  080.17169953 3 102
111  12.98767419  080.16716588 3 102
111  12.98767408  080.16716558 3 102
111  12.98543094  080.16120140
111  12.98542224  080.16124388
111  12.98528063  080.16121371
111  12.98533383  080.16135090
113  12.98519790  080.16140571
110 1 0.25 0.0000 Taxiway F
111  12.98543094  080.16120140 3 102
111  12.98587421  080.15903772 3 102
111  12.98595851  080.15898947 3 102
111  12.98601407  080.15897945 3 102
111  12.98609085  080.15900113 3 102
111  12.98627274  080.15909011 3 102
111  12.98610305  080.15862367 3 102
111  12.98569361  080.15879425 3 102
111  12.98568081  080.15880034 3 102
111  12.98566865  080.15880768 3 102
111  12.98565725  080.15881619 3 102
111  12.98564672  080.15882580 3 102
111  12.98563716  080.15883640 3 102
111  12.98562866  080.15884791 3 102
111  12.98562130  080.15886021 3 102
111  12.98561515  080.15887318 3 102
111  12.98561027  080.15888670 3 102
111  12.98560671  080.15890064 3 102
111  12.98523961  080.16069256
111  12.98541570  080.16116089
113  12.98543094  080.16120140
110 1 0.25 0.0000 Taxiway
111  12.98936812  080.17169953
111  12.98937098  080.17170719
111  12.98923579  080.17175971
111  12.98910009  080.17181064 3 102
111  12.98949713  080.17260067 3 102
111  12.98969945  080.17300187
111  12.98969637  080.17299332
111  12.98983219  080.17294251
111  12.98996993  080.17289077 3 102
111  12.98982821  080.17261204
111  12.98967760  080.17267095
111  12.98957398  080.17239547
111  12.98969512  080.17234809 3 102
113  12.98936812  080.17169953
110 1 0.25 0.0000 Taxiway B
111  12.98969945  080.17300187 3 102
111  12.99076307  080.17595839
111  12.99105047  080.17584921 3 102
111  12.98996993  080.17289077
111  12.98983219  080.17294251
111  12.98970353  080.17300997
113  12.98969945  080.17300187
110 2 0.25 0.0000 Taxiway D
111  12.98982821  080.17261204 3 102
111  12.99115034  080.17209488 3 102
111  12.99104708  080.17181926 3 102
111  12.98969512  080.17234809
111  12.98975444  080.17246575
113  12.98982821  080.17261204
110 1 0.25 0.0000 Taxiway
111  12.98745470  080.16740710
111  12.98740388  080.16727108
111  12.98735137  080.16713148 3 102
111  12.98608421  080.16760568
111  12.98613485  080.16774237
111  12.98599952  080.16779451 3 102
111  12.98604936  080.16793300 3 102
113  12.98745470  080.16740710
110 1 0.25 0.0000 Taxiway
111  12.98599952  080.16779451
111  12.98594968  080.16765602
111  12.98608421  080.16760568 3 102
111  12.98596410  080.16728149 3 102
111  12.98569236  080.16738287 3 102
111  12.98586419  080.16784665 3 102
113  12.98599952  080.16779451
110 1 0.25 0.0000 Taxiway
111  12.99899803  080.17494176 3 102
111  12.99913741  080.17466749 3 102
111  12.99895850  080.17463476 3 102
111  12.99793856  080.17411395 3 102
111  12.99780418  080.17437531 3 102
111  12.99884763  080.17490813 3 102
111  12.99886027  080.17491383 3 102
111  12.99887338  080.17491827 3 102
111  12.99888685  080.17492142 3 102
113  12.99899803  080.17494176
110 1 0.25 0.0000 Taxiway
111  12.99032603  080.16468348 3 102
111  12.99264264  080.17093228 3 102
111  12.99297589  080.17183108
111  12.99319792  080.17184371
111  12.99329189  080.17184906 3 102
111  12.99293604  080.17088934
111  12.99290655  080.17094769
111  12.99264936  080.17081253
111  12.99279831  080.17051780 3 102
111  12.99064223  080.16470204
111  12.99042022  080.16468941
111  12.99041937  080.16468935
113  12.99032603  080.16468348
110 2 0.25 0.0000 Taxiway
111  12.99032603  080.16468348
111  12.99029296  080.16459428
111  12.99056360  080.16448994
111  12.99064223  080.16470204 3 102
111  12.99559486  080.16498384
111  12.99569703  080.16478163
111  12.99595423  080.16491679
111  12.99591125  080.16500184 3 102
111  12.99842601  080.16514485
111  12.99852796  080.16494273
111  12.99878525  080.16507769
111  12.99874230  080.16516285 3 102
111  13.00010007  080.16524014
111  13.00020434  080.16503715
111  13.00024756  080.16495302 3 102
111  12.99866466  080.16486291 3 102
111  12.99583369  080.16470191 3 102
111  12.99043677  080.16439484 3 102
111  12.98866020  080.16428305
111  12.98877363  080.16458579 3 102
113  12.99032603  080.16468348
110 2 0.25 0.0000 Taxiway
111  13.00024756  080.16495302
111  13.00034055  080.16495831
111  13.00056492  080.16497107 3 102
111  13.00150473  080.16314147 3 102
111  13.00124843  080.16300455 3 102
113  13.00024756  080.16495302
110 2 0.25 0.0000 Taxiway
111  13.00010007  080.16524014 3 102
111  12.99889805  080.16758005 3 102
111  12.99889758  080.16758098 3 102
111  12.99752410  080.17030168 3 102
111  12.99662062  080.17203855
111  12.99671308  080.17204381
111  12.99693872  080.17205666 3 102
111  12.99763567  080.17071683
111  12.99762517  080.17070738
111  12.99761558  080.17069691
111  12.99760704  080.17068554
111  12.99759962  080.17067338
111  12.99759339  080.17066054
111  12.99758841  080.17064715
111  12.99751471  080.17041555
111  12.99778992  080.17032447
111  12.99780851  080.17038291 3 102
111  12.99912729  080.16777057
111  12.99906996  080.16778913
111  12.99898244  080.16750789
111  12.99916134  080.16744999
111  12.99917529  080.16744625
111  12.99918953  080.16744394
111  12.99920393  080.16744309
111  12.99921834  080.16744370
111  12.99923262  080.16744577
111  12.99924662  080.16744929
111  12.99928572  080.16746123 3 102
111  13.00041742  080.16525820
111  13.00032444  080.16525291
113  13.00010007  080.16524014
110 2 0.25 0.0000 Taxiway
111  12.99662062  080.17203855 3 102
111  12.99535901  080.17196677 3 102
111  12.99531164  080.17196407
111  12.99520968  080.17216619
111  12.99495239  080.17203122
111  12.99499535  080.17194607 3 102
111  12.99471667  080.17193020 3 102
111  12.99329189  080.17184906
111  12.99332517  080.17193883
111  12.99305454  080.17204318
111  12.99297589  080.17183108 3 102
111  12.99145573  080.17174457 3 102
111  12.99156885  080.17204651 3 102
111  12.99318179  080.17213831 3 102
111  12.99470054  080.17222480 3 102
111  12.99507298  080.17224601 3 102
111  12.99534288  080.17226136 3 102
111  12.99647131  080.17232557
111  12.99657722  080.17212197
113  12.99662062  080.17203855
110 2 0.25 0.0000 Taxiway
111  12.99647131  080.17232557 3 102
111  12.99555764  080.17408187 3 102
111  12.99581323  080.17422015 3 102
111  12.99678942  080.17234367
111  12.99669696  080.17233841
113  12.99647131  080.17232557
110 2 0.25 0.0000 Taxiway
111  12.99678942  080.17234367 3 102
111  12.99834276  080.17243214 3 102
111  12.99849038  080.17214502 3 102
111  12.99693872  080.17205666
111  12.99683282  080.17226024
113  12.99678942  080.17234367
110 2 0.25 0.0000 Taxiway
111  12.99763567  080.17071683 3 102
111  12.99763570  080.17071686 3 102
111  12.99777780  080.17083266 3 102
111  12.99779045  080.17084188 3 102
111  12.99780399  080.17084966 3 102
111  12.99887796  080.17139121 3 102
111  12.99901235  080.17112981 3 102
111  12.99794623  080.17059222 3 102
111  12.99785022  080.17051398 3 102
111  12.99780851  080.17038291
111  12.99778094  080.17043754
111  12.99778011  080.17043914
113  12.99763567  080.17071683
110 2 0.25 0.0000 Taxiway
111  12.99912729  080.16777057 3 102
111  12.99920633  080.16774499 3 102
111  12.99933996  080.16778583 3 102
111  13.00043330  080.16836611 3 102
111  13.00056765  080.16810479 3 102
111  12.99946139  080.16751764 3 102
111  12.99944900  080.16751181 3 102
111  12.99943612  080.16750719 3 102
111  12.99928572  080.16746123
111  12.99915459  080.16771651
113  12.99912729  080.16777057
110 2 0.25 0.0000 Taxiway
111  13.00041742  080.16525820 3 102
111  13.00198532  080.16534736
111  13.00213294  080.16506023 3 102
111  13.00056492  080.16497107
111  13.00046064  080.16517407
113  13.00041742  080.16525820
110 1 0.25 0.0000 Taxiway
111  12.99293604  080.17088934 3 102
111  12.99353954  080.16969514 3 102
111  12.99328107  080.16956250 3 102
111  12.99279831  080.17051780
111  12.99291328  080.17082794
113  12.99293604  080.17088934
110 2 0.25 0.0000 Taxiway
111  12.99559486  080.16498384 3 102
111  12.99530567  080.16555611
111  12.99562476  080.16556879 3 102
111  12.99591125  080.16500184
111  12.99581758  080.16499651
113  12.99559486  080.16498384
110 2 0.25 0.0000 Taxiway
111  12.99842601  080.16514485 3 102
111  12.99809619  080.16579874
111  12.99835265  080.16593535 3 102
111  12.99874230  080.16516285
111  12.99864855  080.16515751
113  12.99842601  080.16514485
110 2 0.25 0.0000 Taxiway
111  12.99499535  080.17194607
111  12.99508910  080.17195141
111  12.99531164  080.17196407 3 102
111  12.99579783  080.17100025 3 102
111  12.99554481  080.17084598 3 102
113  12.99499535  080.17194607
110 1 0.25 0.0000 Taxiway
111  12.99925617  080.17155133 3 102
111  12.99912180  080.17181267 3 102
111  13.00007856  080.17234010 3 102
111  13.00019414  080.17251751 3 102
111  13.00019336  080.17258966 3 102
111  13.00036652  080.17224891 3 102
111  13.00029959  080.17214617 3 102
111  13.00029120  080.17213457 3 102
111  13.00028174  080.17212385 3 102
111  13.00027130  080.17211413 3 102
111  13.00025998  080.17210549 3 102
111  13.00024789  080.17209803 3 102
113  12.99925617  080.17155133
110 1 0.25 0.0000 Taxiway Hole Filling
111  12.99628781  080.18580922
111  12.99666884  080.18566080
111  12.99470164  080.18040914
111  13.00277899  080.16469938
111  13.00241775  080.16450624
111  12.99450754  080.17989097
111  12.98393144  080.15166318
111  12.98355044  080.15181164
111  12.99425494  080.18038221
111  12.99318294  080.18246693
111  12.99354416  080.18266009
111  12.99444904  080.18090038
113  12.99628781  080.18580922
110 1 0.25 0.0000 Taxiway Hole Filling
111  12.99359736  080.18076949
111  12.99356202  080.18074452
111  12.99339729  080.18098709
111  12.99356169  080.18110319
111  12.99357301  080.18111042
111  12.99358493  080.18111655
111  12.99359736  080.18112154
111  12.99361018  080.18112533
111  12.99370344  080.18114824
111  12.99361941  080.18082771
111  12.99361360  080.18081008
113  12.99359736  080.18076949
110 1 0.25 0.0000 Taxiway Hole Filling
111  12.99618894  080.18042514
111  12.99605532  080.18035755
111  12.99592674  080.18062187
111  12.99605393  080.18068621
111  12.99611901  080.18055850
113  12.99618894  080.18042514
110 1 0.25 0.0000 Taxiway Hole Filling
111  12.99324697  080.18067472
111  12.99339936  080.18054090
111  12.99321055  080.18031732
111  12.99313381  080.18038471
111  12.99316964  080.18048130
111  12.99317100  080.18048483
113  12.99324697  080.18067472
110 1 0.25 0.0000 Taxiway Hole Filling
111  12.99645890  080.17990699
111  12.99632714  080.17983991
111  12.99619791  080.18010390
111  12.99632377  080.18016798
111  12.99639010  080.18004147
111  12.99639079  080.18004014
113  12.99645890  080.17990699
110 1 0.25 0.0000 Taxiway Hole Filling
111  12.99670366  080.17941835
111  12.99657670  080.17935315
111  12.99644655  080.17961667
111  12.99657393  080.17968209
111  12.99663989  080.17955314
111  12.99664195  080.17954895
113  12.99670366  080.17941835
110 1 0.25 0.0000 Taxiway Hole Filling
111  12.99685930  080.17908894
111  12.99689875  080.17900545
111  12.99663809  080.17887737
111  12.99653350  080.17909873
111  12.99677134  080.17908894
113  12.99685930  080.17908894
110 1 0.25 0.0000 Taxiway Hole Filling
111  12.98969945  080.17300187
111  12.98970353  080.17300997
111  12.98983219  080.17294251
111  12.98969637  080.17299332
113  12.98969945  080.17300187
110 1 0.25 0.0000 Taxiway Hole Filling
111  12.98982821  080.17261204
111  12.98975444  080.17246575
111  12.98969512  080.17234809
111  12.98957398  080.17239547
111  12.98967760  080.17267095
113  12.98982821  080.17261204
110 2 0.25 0.0000 Taxiway Hole Filling
111  12.99647131  080.17232557
111  12.99669696  080.17233841
111  12.99678942  080.17234367
111  12.99683282  080.17226024
111  12.99693872  080.17205666
111  12.99671308  080.17204381
111  12.99662062  080.17203855
111  12.99657722  080.17212197
113  12.99647131  080.17232557
110 2 0.25 0.0000 Taxiway Hole Filling
111  12.99531164  080.17196407
111  12.99508910  080.17195141
111  12.99499535  080.17194607
111  12.99495239  080.17203122
111  12.99520968  080.17216619
113  12.99531164  080.17196407
110 1 0.25 0.0000 Taxiway Hole Filling
111  12.99329189  080.17184906
111  12.99319792  080.17184371
111  12.99297589  080.17183108
111  12.99305454  080.17204318
111  12.99332517  080.17193883
113  12.99329189  080.17184906
110 1 0.25 0.0000 Taxiway Hole Filling
111  12.98936812  080.17169953
111  12.98936445  080.17169225
111  12.98923579  080.17175971
111  12.98937098  080.17170719
113  12.98936812  080.17169953
110 1 0.25 0.0000 Taxiway Hole Filling
111  12.99279831  080.17051780
111  12.99264936  080.17081253
111  12.99290655  080.17094769
111  12.99293604  080.17088934
111  12.99291328  080.17082794
113  12.99279831  080.17051780
110 2 0.25 0.0000 Taxiway Hole Filling
111  12.99780851  080.17038291
111  12.99778992  080.17032447
111  12.99751471  080.17041555
111  12.99758841  080.17064715
111  12.99759339  080.17066054
111  12.99759962  080.17067338
111  12.99760704  080.17068554
111  12.99761558  080.17069691
111  12.99762517  080.17070738
111  12.99763567  080.17071683
111  12.99778011  080.17043914
111  12.99778094  080.17043754
113  12.99780851  080.17038291
110 1 0.25 0.0000 Taxiway Hole Filling
111  12.99928572  080.16746123
111  12.99924662  080.16744929
111  12.99923262  080.16744577
111  12.99921834  080.16744370
111  12.99920393  080.16744309
111  12.99918953  080.16744394
111  12.99917529  080.16744625
111  12.99916134  080.16744999
111  12.99898244  080.16750789
111  12.99906996  080.16778913
111  12.99912729  080.16777057
111  12.99915459  080.16771651
113  12.99928572  080.16746123
110 1 0.25 0.0000 Taxiway Hole Filling
111  12.98608421  080.16760568
111  12.98594968  080.16765602
111  12.98599952  080.16779451
111  12.98613485  080.16774237
113  12.98608421  080.16760568
110 1 0.25 0.0000 Taxiway Hole Filling
111  12.98745470  080.16740710
111  12.98758885  080.16735690
111  12.98748917  080.16707992
111  12.98735137  080.16713148
111  12.98740388  080.16727108
113  12.98745470  080.16740710
110 1 0.25 0.0000 Taxiway Hole Filling
111  13.00041742  080.16525820
111  13.00046064  080.16517407
111  13.00056492  080.16497107
111  13.00034055  080.16495831
111  13.00024756  080.16495302
111  13.00020434  080.16503715
111  13.00010007  080.16524014
111  13.00032444  080.16525291
113  13.00041742  080.16525820
110 1 0.25 0.0000 Taxiway Hole Filling
111  12.99874230  080.16516285
111  12.99878525  080.16507769
111  12.99852796  080.16494273
111  12.99842601  080.16514485
111  12.99864855  080.16515751
113  12.99874230  080.16516285
110 1 0.25 0.0000 Taxiway Hole Filling
111  12.99591125  080.16500184
111  12.99595423  080.16491679
111  12.99569703  080.16478163
111  12.99559486  080.16498384
111  12.99581758  080.16499651
113  12.99591125  080.16500184
110 1 0.25 0.0000 Taxiway Hole Filling
111  12.99064223  080.16470204
111  12.99056360  080.16448994
111  12.99029296  080.16459428
111  12.99032603  080.16468348
111  12.99041937  080.16468935
111  12.99042022  080.16468941
113  12.99064223  080.16470204
110 1 0.25 0.0000 Taxiway Hole Filling
111  12.98515495  080.16110575
111  12.98509429  080.16113021
111  12.98514555  080.16126654
111  12.98519790  080.16140571
111  12.98533383  080.16135090
111  12.98528063  080.16121371
111  12.98542224  080.16124388
111  12.98543094  080.16120140
111  12.98541570  080.16116089
111  12.98523961  080.16069256
113  12.98515495  080.16110575
110 1 0.25 0.0000 Taxiway Hole Filling
111  12.98361293  080.15719057
111  12.98372914  080.15675571
111  12.98374179  080.15670919
113  12.98361293  080.15719057
110 2 0.25 0.0000 Taxiway Hole Filling
111  12.98398218  080.15472108
111  12.98398123  080.15472574
111  12.98425004  080.15484020
111  12.98431855  080.15452209
111  12.98432095  080.15450593
111  12.98432159  080.15448959
111  12.98432045  080.15447329
111  12.98431395  080.15442120
111  12.98431015  080.15442217
111  12.98429675  080.15442707
111  12.98428389  080.15443329
111  12.98427170  080.15444076
111  12.98426028  080.15444943
111  12.98403088  080.15464203
111  12.98402000  080.15465216
111  12.98401018  080.15466336
111  12.98400153  080.15467553
111  12.98399414  080.15468853
111  12.98398809  080.15470223
111  12.98398343  080.15471649
113  12.98398218  080.15472108
110 1 0.25 0.0000 Service Road: , OSM ID: 28534213
111  12.98412294  080.17061777
111  12.98418414  080.17057845
111  12.98353354  080.16952566
111  12.98310375  080.16841504
111  12.98259582  080.16706421
111  12.98259562  080.16706367
111  12.98243482  080.16665507
111  12.98236769  080.16668254
111  12.98252838  080.16709088
111  12.98303628  080.16844161
111  12.98303641  080.16844195
111  12.98346750  080.16955595
111  12.98346888  080.16955908
111  12.98347055  080.16956207
113  12.98412294  080.17061777
110 1 0.25 0.0000 Service Road: , OSM ID: 28534214
111  12.98348727  080.16950835
111  12.98351502  080.16957647
111  12.98442671  080.16919017
111  12.98442987  080.16918864
111  12.98443287  080.16918682
111  12.98443568  080.16918470
111  12.98443828  080.16918232
111  12.98444064  080.16917970
111  12.98444274  080.16917685
111  12.98444456  080.16917381
111  12.98444609  080.16917061
111  12.98444731  080.16916727
111  12.98444820  080.16916383
111  12.98444877  080.16916032
111  12.98444900  080.16915676
111  12.98444889  080.16915320
111  12.98444845  080.16914967
111  12.98444767  080.16914620
111  12.98444657  080.16914282
111  12.98403678  080.16806132
111  12.98403535  080.16805803
111  12.98403361  080.16805491
111  12.98403159  080.16805197
111  12.98402930  080.16804925
111  12.98402676  080.16804677
111  12.98402399  080.16804455
111  12.98402102  080.16804261
111  12.98401789  080.16804098
111  12.98401461  080.16803967
111  12.98401122  080.16803869
111  12.98400776  080.16803804
111  12.98400425  080.16803775
111  12.98400073  080.16803780
111  12.98399723  080.16803821
111  12.98399379  080.16803896
111  12.98399043  080.16804004
111  12.98305744  080.16839384
111  12.98308265  080.16846298
111  12.98398217  080.16812187
111  12.98436639  080.16913585
113  12.98348727  080.16950835
110 1 0.25 0.0000 Service Road: , OSM ID: 28534220
111  12.98581976  080.17245281
111  12.98588289  080.17241681
111  12.98576179  080.17219601
111  12.98565819  080.17200692
111  12.98563614  080.17195154
111  12.98558109  080.17181312
111  12.98554864  080.17173154
111  12.98545293  080.17149113
111  12.98537534  080.17129634
111  12.98517394  080.17079024
111  12.98517268  080.17078741
111  12.98517118  080.17078470
111  12.98516947  080.17078213
111  12.98483768  080.17032613
111  12.98477959  080.17037008
111  12.98510864  080.17082232
111  12.98530832  080.17132409
111  12.98538592  080.17151888
111  12.98548161  080.17175927
111  12.98551377  080.17184013
111  12.98556912  080.17197929
111  12.98559202  080.17203679
111  12.98559395  080.17204090
111  12.98569866  080.17223201
113  12.98581976  080.17245281
110 1 0.25 0.0000 Service Road: , OSM ID: 28534221
111  12.98611573  080.17125882
111  12.98608871  080.17119040
111  12.98540592  080.17147080
111  12.98543294  080.17153922
113  12.98611573  080.17125882
110 1 0.25 0.0000 Service Road: , OSM ID: 28534222
111  12.98619854  080.17152527
111  12.98617330  080.17145615
111  12.98550250  080.17171085
111  12.98552775  080.17177997
113  12.98619854  080.17152527
110 1 0.25 0.0000 Service Road: , OSM ID: 28534223
111  12.98619876  080.17177409
111  12.98617308  080.17170513
111  12.98558979  080.17193093
111  12.98561546  080.17199989
113  12.98619876  080.17177409
110 1 0.25 0.0000 Service Road: , OSM ID: 28534224
111  12.98616597  080.17207420
111  12.98613887  080.17200582
111  12.98571667  080.17217982
111  12.98574378  080.17224820
113  12.98616597  080.17207420
110 1 0.25 0.0000 Service Road: , OSM ID: 28534226
111  12.98603162  080.17107883
111  12.98600562  080.17100999
111  12.98532883  080.17127579
111  12.98535483  080.17134462
113  12.98603162  080.17107883
110 1 0.25 0.0000 Service Road: , OSM ID: 28534211
111  12.98631199  080.16819965
111  12.98624384  080.16822437
111  12.98672881  080.16961469
111  12.98692958  080.17019832
111  12.98699784  080.17017390
111  12.98679704  080.16959020
111  12.98679699  080.16959005
113  12.98631199  080.16819965
110 1 0.25 0.0000 Service Road: , OSM ID: 31613607
111  12.99921657  080.17565411
111  12.99917563  080.17559330
111  12.99892843  080.17576640
111  12.99892561  080.17576859
111  12.99892301  080.17577105
111  12.99892067  080.17577376
111  12.99891859  080.17577669
111  12.99891680  080.17577981
111  12.99891533  080.17578310
111  12.99891417  080.17578651
111  12.99865305  080.17670270
111  12.99753233  080.17892438
111  12.99708982  080.17978112
111  12.99708960  080.17978156
111  12.99684610  080.18026866
111  12.99684587  080.18026913
111  12.99659446  080.18079021
111  12.99635989  080.18107856
111  12.99635717  080.18108238
111  12.99626817  080.18122578
111  12.99626633  080.18122911
111  12.99626484  080.18123261
111  12.99626372  080.18123625
111  12.99626297  080.18123999
111  12.99626260  080.18124378
111  12.99626262  080.18124760
111  12.99626302  080.18125139
111  12.99626381  080.18125512
111  12.99630831  080.18142322
111  12.99630954  080.18142704
111  12.99707584  080.18342464
111  12.99707610  080.18342531
111  12.99757362  080.18465180
111  12.99766412  080.18539585
111  12.99766491  080.18540019
111  12.99766621  080.18540441
111  12.99851952  080.18769432
111  12.99853165  080.18798906
111  12.99810272  080.18879352
111  12.99661377  080.18935564
111  12.99643650  080.18931537
111  12.99604942  080.18881237
111  12.99500892  080.18649740
111  12.99494915  080.18628804
111  12.99493086  080.18591885
111  12.99493053  080.18591540
111  12.99492989  080.18591201
111  12.99492893  080.18590869
111  12.99492768  080.18590548
111  12.99476708  080.18554428
111  12.99476572  080.18554152
111  12.99476413  080.18553889
111  12.99476233  080.18553640
111  12.99463583  080.18537590
111  12.99463326  080.18537297
111  12.99463040  080.18537034
111  12.99462728  080.18536804
111  12.99420401  080.18508893
111  12.99407137  080.18496221
111  12.99248958  080.18217714
111  12.99244808  080.18203050
111  12.99249557  080.18191709
111  12.99298063  080.18146256
111  12.99298326  080.18145983
111  12.99298559  080.18145684
111  12.99298761  080.18145361
111  12.99298929  080.18145019
111  12.99299061  080.18144661
111  12.99299157  080.18144291
111  12.99299214  080.18143913
111  12.99300444  080.18131563
111  12.99300462  080.18131202
111  12.99300446  080.18130841
111  12.99300395  080.18130484
111  12.99297615  080.18115974
111  12.99297517  080.18115579
111  12.99297378  080.18115199
111  12.99297197  080.18114836
111  12.99270968  080.18068536
111  12.99270840  080.18068328
111  12.99235341  080.18014308
111  12.99229332  080.18018414
111  12.99264765  080.18072332
111  12.99290632  080.18117992
111  12.99293193  080.18131362
111  12.99292156  080.18141773
111  12.99244089  080.18186815
111  12.99243821  080.18187094
111  12.99243583  080.18187401
111  12.99243379  080.18187732
111  12.99243210  080.18188083
111  12.99237650  080.18201363
111  12.99237527  080.18201701
111  12.99237437  080.18202049
111  12.99237381  080.18202405
111  12.99237360  080.18202765
111  12.99237373  080.18203125
111  12.99237420  080.18203483
111  12.99237501  080.18203833
111  12.99242131  080.18220193
111  12.99242279  080.18220617
111  12.99242477  080.18221019
111  12.99401145  080.18500389
111  12.99401337  080.18500692
111  12.99401556  080.18500973
111  12.99401802  080.18501232
111  12.99415692  080.18514502
111  12.99415937  080.18514717
111  12.99416201  080.18514908
111  12.99458311  080.18542675
111  12.99470309  080.18557898
111  12.99485896  080.18592956
111  12.99487712  080.18629607
111  12.99487757  080.18630033
111  12.99487851  080.18630452
111  12.99494021  080.18652062
111  12.99494206  080.18652567
111  12.99598545  080.18884707
111  12.99598745  080.18885091
111  12.99598988  080.18885448
111  12.99638757  080.18937128
111  12.99638990  080.18937401
111  12.99639247  080.18937649
111  12.99639527  080.18937871
111  12.99639827  080.18938064
111  12.99640144  080.18938225
111  12.99640474  080.18938355
111  12.99640816  080.18938451
111  12.99660846  080.18943001
111  12.99661187  080.18943061
111  12.99661531  080.18943087
111  12.99661877  080.18943080
111  12.99662220  080.18943040
111  12.99662558  080.18942966
111  12.99662888  080.18942859
111  12.99814057  080.18885789
111  12.99814397  080.18885640
111  12.99814721  080.18885456
111  12.99815025  080.18885239
111  12.99815306  080.18884991
111  12.99815560  080.18884716
111  12.99815785  080.18884415
111  12.99815978  080.18884092
111  12.99859998  080.18801532
111  12.99860140  080.18801234
111  12.99860256  080.18800924
111  12.99860344  080.18800604
111  12.99860403  080.18800278
111  12.99860433  080.18799948
111  12.99860434  080.18799616
111  12.99859154  080.18768526
111  12.99859117  080.18768133
111  12.99859039  080.18767746
111  12.99858921  080.18767370
111  12.99773537  080.18538236
111  12.99764481  080.18463777
111  12.99764426  080.18463451
111  12.99764344  080.18463132
111  12.99764234  080.18462821
111  12.99714307  080.18339744
111  12.99637763  080.18140205
111  12.99633779  080.18125154
111  12.99641704  080.18112383
111  12.99665286  080.18083396
111  12.99665538  080.18083046
111  12.99665748  080.18082669
111  12.99691066  080.18030193
111  12.99715393  080.17981528
111  12.99759641  080.17895860
111  12.99759658  080.17895828
111  12.99871897  080.17673328
111  12.99872041  080.17673005
111  12.99872153  080.17672670
111  12.99898003  080.17581976
113  12.99921657  080.17565411
110 1 0.25 0.0000 Service Road: , OSM ID: 31616566
111  12.99052722  080.17598016
111  12.99059094  080.17594526
111  12.99040509  080.17559236
111  12.98960225  080.17355476
111  12.98960180  080.17355368
111  12.98905376  080.17228068
111  12.98727641  080.16772491
111  12.98358773  080.15787965
111  12.98352016  080.15790597
111  12.98720892  080.16775147
111  12.98720910  080.16775194
111  12.98898679  080.17230854
111  12.98898728  080.17230973
111  12.98953534  080.17358280
111  12.99033872  080.17562176
111  12.99034042  080.17562546
113  12.99052722  080.17598016
110 2 0.25 0.0000 Apron H
111  12.98157850  080.15893503 102
111  12.98475737  080.16770433 102
111  12.98681405  080.16693703 102
111  12.98488502  080.16173655 102
111  12.98407172  080.16206747 102
111  12.98371038  080.16108803 102
111  12.98447909  080.16072240 102
111  12.98373988  080.15865833 102
111  12.98324272  080.15889473 102
111  12.98316191  080.15886757
111  12.98288614  080.15877487 102
113  12.98247042  080.15863513 102
110 2 0.25 0.0000 Apron: , OSMID: 31613590
111  13.00040149  080.17218011 102
111  12.99895780  080.17502091 102
111  12.99938280  080.17525381 102
111  12.99963310  080.17549831 102
111  13.00011039  080.17573701 102
111  13.00033749  080.17525961 102
111  13.00005799  080.17512571 102
113  13.00130378  080.17262251 102
110 2 0.25 0.0000 Apron: , OSMID: 31613599
111  12.99968560  080.17820471 102
111  12.99904280  080.17785861 102
111  12.99857801  080.17872881 102
111  12.99815281  080.17876841 102
111  12.99792541  080.17923311 102
113  12.99888460  080.17972761 102
110 2 0.25 0.0000 Apron: , OSMID: 31613616
111  12.99749522  080.17972761 102
111  12.99772601  080.17997841 102
111  12.99809681  080.17963731 102
113  12.99786601  080.17938641 102
110 2 0.25 0.0000 Apron: , OSMID: 31615269
111  12.99229866  080.18115141 102
111  12.99269376  080.18162991 102
111  12.99291906  080.18140761 102
111  12.99289746  080.18125331 102
113  12.99267836  080.18083341 102
110 2 0.25 0.0000 Apron: , OSMID: 22661338
111  12.99042238  080.17583331 102
111  12.98973279  080.17655651 102
111  12.99010798  080.17739481 102
111  12.99111177  080.17852471 102
111  12.99168267  080.17870591 102
111  12.99203097  080.17966391 102
111  12.99214816  080.17999211 102
111  12.99285666  080.18004411 102
111  12.99322815  080.17982431 102
111  12.99221736  080.17724661 102
111  12.99224976  080.17708631
111  12.99214208  080.17681549 102
111  12.99209997  080.17671911 102
111  12.99171167  080.17687831 102
111  12.99136267  080.17674181 102
111  12.99105047  080.17584921
113  12.99054058  080.17604291 102
110 2 0.25 0.0000 Apron: , OSMID: 158081448
111  12.99924332  080.16657504 102
111  12.99841993  080.16609577 102
111  12.99848851  080.16600771 102
111  12.99733786  080.16533506 102
111  12.99473557  080.17036489 102
111  12.99589313  080.17105101 102
111  12.99599305  080.17088923 102
111  12.99630240  080.17107649 102
111  12.99615647  080.17142117 102
113  12.99659840  080.17169146 102
110 2 0.25 0.0000 Apron: , OSMID: 158081456
111  12.99692942  080.16562061 102
111  12.99527294  080.16555481 102
111  12.99475124  080.16655981 102
111  12.99370785  080.16611841 102
111  12.99254556  080.16828811 102
111  12.99351565  080.16882351 102
111  12.99319536  080.16951851 102
113  12.99458644  080.17023241 102
130 Airport Boundary 1
111  13.00564150  080.16480527
111  13.00120014  080.16165000
111  12.99773490  080.16345301
111  12.98973067  080.16315251
111  12.98514289  080.15053140
111  12.98123839  080.15188367
111  12.97972540  080.16360326
111  12.98158003  080.16811080
111  12.98426438  080.17447143
111  12.99012112  080.17912923
113  12.99851579  080.19049824
120 Linear Feature 80
112  12.99607401  080.17011589  12.99600000  080.17027074 1 101
111  12.99561568  080.17019770 1 101
116  12.99578079  080.17072067  12.99571532  080.17081416
120 Linear Feature 79
112  12.99641989  080.16943603  12.99633190  080.16957414 1 101
111  12.99603960  080.16952290 1 101
116  12.99612630  080.17001992  12.99606255  080.17014395
120 Linear Feature 72
112  12.99607771  080.17012044  12.99599649  080.17029473 1 101
111  12.99634353  080.17065089 1 101
116  12.99578236  080.17073425  12.99570852  080.17088581
120 Linear Feature 71
112  12.99642032  080.16943256  12.99635375  080.16957490 1 101
111  12.99670325  080.16994497 1 101
116  12.99612374  080.17002468  12.99604607  080.17014993
120 Linear Feature 70
112  12.99673575  080.16883039  12.99660279  080.16900449 1 101
111  12.99699250  080.16934797 1 101
116  12.99642857  080.16942326  12.99637813  080.16953148
120 Linear Feature 69
112  12.99704060  080.16822154  12.99698225  080.16841403 1 101
111  12.99731152  080.16865785 1 101
116  12.99676968  080.16875196  12.99667798  080.16891879
120 Linear Feature 68
112  12.99732101  080.16765847  12.99727278  080.16784937 1 101
111  12.99757247  080.16807386 1 101
116  12.99705635  080.16818402  12.99697712  080.16832897
120 Linear Feature 67
112  12.99759873  080.16711879  12.99752756  080.16725902 1 101
111  12.99782677  080.16753276 1 101
116  12.99733470  080.16764041  12.99728631  080.16776312
120 Linear Feature 66
112  12.99786369  080.16660031  12.99779170  080.16674031 1 101
111  12.99804760  080.16700988 1 101
116  12.99760481  080.16710265  12.99753282  080.16722709
120 Linear Feature 65
112  12.99813330  080.16605779  12.99805017  080.16621881 1 101
111  12.99829176  080.16650981 1 101
116  12.99786881  080.16657565  12.99780778  080.16670091
120 Linear Feature 64
112  12.99402831  080.16840677  12.99392842  080.16859413 1 101
111  12.99425566  080.16884512 1 101
116  12.99380097  080.16885926  12.99373552  080.16898653
120 Linear Feature 63
112  12.99436129  080.16775041  12.99427861  080.16790596 1 101
111  12.99452528  080.16817303 1 101
116  12.99408147  080.16829859  12.99400913  080.16843646
120 Linear Feature 62
112  12.99467601  080.16712193  12.99460932  080.16724170 1 101
111  12.99486498  080.16752836 1 101
116  12.99444401  080.16758824  12.99438566  080.16768662
120 Linear Feature 61
112  12.99493627  080.16661167  12.99487364  080.16674664 1 101
111  12.99517053  080.16698210 1 101
116  12.99470381  080.16707073  12.99464745  080.16719929
120 Linear Feature 60
112  12.99520310  080.16608231  12.99516609  080.16616704 1 101
111  12.99541760  080.16643553 1 101
116  12.99497513  080.16653366  12.99493812  080.16662423
120 Linear Feature 59
112  12.99549302  080.16554406  12.99544169  080.16567357 1 101
111  12.99565772  080.16589410 1 101
116  12.99526684  080.16596243  12.99523476  080.16603267
120 Linear Feature 58
112  12.99407304  080.16831647  12.99402137  080.16842606 1 101
111  12.99378272  080.16839186 1 101
116  12.99387560  080.16872008  12.99382738  080.16880846
120 Linear Feature 57
112  12.99432583  080.16781355  12.99424246  080.16797182 1 101
111  12.99400905  080.16790765 1 101
116  12.99409242  080.16827980  12.99401322  080.16845090
120 Linear Feature 56
112  12.99458235  080.16730686  12.99453309  080.16745852 1 101
111  12.99428680  080.16737686 1 101
116  12.99436410  080.16774901  12.99425686  080.16797416
120 Linear Feature 55
112  12.99483448  080.16681665  12.99474354  080.16701109 1 101
111  12.99449039  080.16687089 1 101
116  12.99460765  080.16725978  12.99448261  080.16746976
120 Linear Feature 54
112  12.98556635  080.16663221  12.98561811  080.16676501 1 101
111  12.98543436  080.16695623 1 101
116  12.98572163  080.16703591  12.98576045  080.16716871
120 Linear Feature 53
112  12.98540096  080.16618853  12.98546049  080.16635054 1 101
111  12.98527233  080.16651847 1 101
116  12.98555877  080.16659605  12.98560277  080.16672885
120 Linear Feature 52
112  12.98525374  080.16576962  12.98530783  080.16591862 1 101
111  12.98511709  080.16609099 1 101
116  12.98539608  080.16617571  12.98545301  080.16630718
120 Linear Feature 51
112  12.98507746  080.16530598  12.98512663  080.16544674 1 101
111  12.98496618  080.16563797 1 101
116  12.98522498  080.16570968  12.98525603  080.16583185
120 Linear Feature 50
112  12.98489851  080.16482549  12.98493060  080.16492865 1 101
111  12.98476297  080.16510363 1 101
116  12.98504064  080.16521286  12.98508984  080.16537309
120 Linear Feature 49
112  12.98449001  080.16373334  12.98452669  080.16385097 1 101
111  12.98437080  080.16401094 1 101
116  12.98462297  080.16409093  12.98468715  080.16421326
120 Linear Feature 48
112  12.98401170  080.16243773  12.98403951  080.16251675 1 101
111  12.98389228  080.16268748 1 101
116  12.98412880  080.16274756  12.98417157  080.16285291
120 Linear Feature 47
112  12.98556679  080.16662563  12.98560469  080.16670340 1 101
111  12.98590403  080.16669563 1 101
116  12.98572594  080.16704948  12.98575625  080.16714281
120 Linear Feature 46
112  12.98540082  080.16617559  12.98543447  080.16630307 1 101
111  12.98575137  080.16625199 1 101
116  12.98556109  080.16660422  12.98559991  080.16671311
120 Linear Feature 45
112  12.98525097  080.16577071  12.98530506  080.16588757 1 101
111  12.98557835  080.16579993 1 101
116  12.98540185  080.16617972  12.98545025  080.16630827
120 Linear Feature 44
112  12.98507774  080.16530781  12.98512472  080.16540744 1 101
111  12.98541282  080.16535280 1 101
116  12.98522806  080.16570952  12.98526563  080.16583164
120 Linear Feature 43
112  12.98489915  080.16483067  12.98493279  080.16491566 1 101
111  12.98519987  080.16487089 1 101
116  12.98504647  080.16522247  12.98511117  080.16538448
120 Linear Feature 42
112  12.98473443  080.16437597  12.98477713  080.16447822 1 101
111  12.98501911  080.16443148 1 101
116  12.98487393  080.16474700  12.98490809  080.16486094
120 Linear Feature 41
112  12.98456361  080.16391626  12.98460250  080.16400605 1 101
111  12.98485187  080.16396608 1 101
116  12.98470099  080.16429059  12.98473210  080.16438836
120 Linear Feature 40
112  12.98437592  080.16341832  12.98442423  080.16354717 1 101
111  12.98472490  080.16345706 1 101
116  12.98454970  080.16390053  12.98462372  080.16408750
120 Linear Feature 39
112  12.98421940  080.16298706  12.98424971  080.16308038 1 101
111  12.98454045  080.16300544 1 101
116  12.98437870  080.16341165  12.98444690  080.16357886
120 Linear Feature 38
112  12.98407655  080.16260187  12.98409722  080.16266550 1 101
111  12.98438565  080.16264534 1 101
116  12.98421809  080.16297868  12.98425943  080.16307766
120 Linear Feature 37
112  12.98392646  080.16219775  12.98396152  080.16230119 1 101
111  12.98423779  080.16226060 1 101
116  12.98406923  080.16258645  12.98410429  080.16269590
120 Linear Feature 30
112  12.98385533  080.16200761  12.98387923  080.16207030 1 101
111  12.98380141  080.16215395 1 101
116  12.98392744  080.16220472  12.98395134  080.16226878
120 Linear Feature 28
111  12.98398869  080.16173502 1 101
116  12.98375351  080.16173294  12.98375021  080.16172447
120 Linear Feature 27
111  12.98399103  080.16173035 1 101
116  12.98386699  080.16203941  12.98393051  080.16220117
120 Linear Feature 29
112  12.98371085  080.16161723  12.98372816  080.16168316 1 101
111  12.98364526  080.16173779 1 101
116  12.98376374  080.16176285  12.98377566  080.16180114
120 Linear Feature 26
111  12.98398867  080.16173518 1 101
116  12.98370998  080.16161772  12.98365116  080.16148492
120 Linear Feature 25
112  12.98336592  080.16068892  12.98340880  080.16081247 1 101
111  12.98325292  080.16090026 1 101
116  12.98345370  080.16093654  12.98348421  080.16102455
120 Linear Feature 24
112  12.98313334  080.16006102  12.98317969  080.16019180 1 101
111  12.98302710  080.16029283 1 101
116  12.98322279  080.16030187  12.98325482  080.16039908
120 Linear Feature 23
112  12.98289690  080.15942450  12.98293927  080.15954594 1 101
111  12.98279991  080.15964490 1 101
116  12.98300385  080.15971256  12.98304037  080.15983100
120 Linear Feature 22
111  12.98278138  080.15910460 1 101
112  12.98265628  080.15915810  12.98272900  080.15912733 1 101
115  12.98284264  080.15927632
120 Linear Feature 21
112  12.98297320  080.15901580  12.98293572  080.15906735 1 101
115  12.98278345  080.15910566
120 Linear Feature 20
112  12.98265967  080.15876610  12.98268162  080.15885171 1 101
111  12.98258268  080.15893398 1 101
116  12.98273034  080.15896088  12.98275229  080.15901494
120 Linear Feature 19
111  12.98287949  080.15937358 1 101
115  12.98264271  080.15871909
120 Linear Feature 18
112  12.98333532  080.16060665  12.98331275  080.16054259 1 101
112  12.98342133  080.16083263  12.98339476  080.16075767 1 101
113  12.98354809  080.16061721 1 101
120 Linear Feature 17
112  12.98310405  080.15998130  12.98307817  080.15992094 1 101
112  12.98320480  080.16024897  12.98316716  080.16014756 1 101
113  12.98333621  080.15999649 1 101
120 Linear Feature 16
112  12.98288390  080.15938045  12.98285097  080.15930801 1 101
112  12.98298338  080.15965219  12.98294809  080.15955803 1 101
113  12.98313247  080.15940125 1 101
120 Linear Feature 15
112  12.99096396  080.17609450  12.99094906  080.17605198 1 101
112  12.99103036  080.17627681  12.99100802  080.17621566 1 101
113  12.99089304  080.17622943 1 101
120 Linear Feature 13
112  12.99109728  080.17647795  12.99107576  080.17637846 1 101
112  12.99118404  080.17670676  12.99114783  080.17662130 1 101
113  12.99102663  080.17664349 1 101
120 Linear Feature 12
112  12.99122690  080.17682134  12.99129937  080.17690479 1 101
111  12.99121369  080.17702032 1 101
116  12.99142275  080.17697062  12.99150229  080.17704318
120 Linear Feature 11
111  12.99154840  080.17747748 1 101
115  12.99120055  080.17802742
120 Linear Feature 10
112  12.99189551  080.17705086  12.99181317  080.17717352 1 101
115  12.99191145  080.17743248
120 Linear Feature 8
111  12.99174626  080.17742772 1 101
115  12.99190797  080.17743392
120 Linear Feature 9
112  12.99154706  080.17747831  12.99155091  080.17737006 1 101
116  12.99164463  080.17714445  12.99169130  080.17713048
120 Linear Feature 7
112  12.99142276  080.17697075  12.99157151  080.17709751 1 101
111  12.99154582  080.17747963 1 101
115  12.99174643  080.17742773
120 Linear Feature 6
112  12.99254239  080.17837448  12.99251765  080.17831439 1 101
111  12.99238837  080.17835887 1 101
116  12.99247675  080.17820073  12.99245284  080.17811357
120 Linear Feature 5
112  12.99266213  080.17869931  12.99263419  080.17863172 1 101
111  12.99252231  080.17865847 1 101
116  12.99259436  080.17851651  12.99257141  080.17844893
120 Linear Feature 4
112  12.99278145  080.17902095  12.99275949  080.17895159 1 101
111  12.99263943  080.17898535 1 101
116  12.99271989  080.17885170  12.99270469  080.17881470
120 Linear Feature 3
112  12.99287750  080.17928102  12.99284757  080.17921548 1 101
111  12.99274872  080.17924740 1 101
116  12.99282088  080.17912472  12.99280391  080.17906942
120 Linear Feature 2
112  12.99297358  080.17953443  12.99295366  080.17947582 1 101
111  12.99283219  080.17951238 1 101
116  12.99291739  080.17939007  12.99290676  080.17934918
120 Linear Feature 1
112  12.99305863  080.17977121  12.99304296  080.17971874 1 101
111  12.99291508  080.17975093 1 101
116  12.99300606  080.17962248  12.99299204  080.17957086
120 Linear Feature 78
112  12.99673973  080.16882371  12.99663013  080.16903582 1 101
111  12.99634203  080.16891691 1 101
116  12.99642971  080.16942147  12.99634829  080.16958217
120 Linear Feature 77
112  12.99703411  080.16821737  12.99697148  080.16831700 1 101
111  12.99665969  080.16827071 1 101
116  12.99677169  080.16875065  12.99671533  080.16888884
120 Linear Feature 76
112  12.99731480  080.16766099  12.99723566  080.16777294 1 101
111  12.99695381  080.16767573 1 101
116  12.99706109  080.16817225  12.99698409  080.16832591
120 Linear Feature 75
112  12.99759584  080.16711255  12.99753040  080.16722214 1 101
111  12.99726171  080.16717264 1 101
116  12.99732716  080.16763575  12.99723760  080.16777716
120 Linear Feature 74
112  12.99786453  080.16659641  12.99779219  080.16671307 1 101
111  12.99751662  080.16666711 1 101
116  12.99759929  080.16708780  12.99752351  080.16722214
120 Linear Feature 73
112  12.99812366  080.16605398  12.99805132  080.16620953 1 101
111  12.99774185  080.16615237 1 101
116  12.99786618  080.16656699  12.99779040  080.16668365
120 Taxiway Center-Line: K, OSMID: 22661305
111  12.98481723  080.15466381 1 101
111  12.98457933  080.15456331 1 101
111  12.98435224  080.15456331 1 101
111  12.98412284  080.15475591 1 101
111  12.98358964  080.15671661 1 101
115  12.98287955  080.15937371
120 Taxiway Center-Line: G, OSMID: 22661322
111  12.98398677  080.16173398 1 101
115  12.98528063  080.16121371
120 Taxiway Center-Line: D, OSMID: 22661327
111  12.98962579  080.17253321 1 101
115  12.99128857  080.17188281
120 Taxiway Center-Line: C, OSMID: 22661329
111  12.99164457  080.17714411 1 101
115  12.99305946  080.17660971
120 Taxiway Center-Line: T, OSMID: 23633591
111  12.99519254  080.17900631 1 101
111  12.99676842  080.17894141 1 101
111  12.99756442  080.17894141 1 101
111  12.99863771  080.17888461 1 101
115  12.99910710  080.17801191
120 Taxiway Center-Line: B, OSMID: 23649877
111  12.98358964  080.15671661 1 101
111  12.98528063  080.16121371 1 101
111  12.98753901  080.16721841 1 101
115  12.98923579  080.17175971
120 Taxiway Center-Line: H, OSMID: 31608299
111  12.98287955  080.15937371 1 101
111  12.98378474  080.16181691 1 101
115  12.98599952  080.16779451
120 Taxiway Center-Line: E, OSMID: 31608300
111  12.98599952  080.16779451 1 101
115  12.98753901  080.16721841
120 Taxiway Center-Line: F, OSMID: 31608301
111  12.98528063  080.16121371 1 101
111  12.98574832  080.15893081 1 101
115  12.98634312  080.15868301
120 Taxiway Center-Line: A, OSMID: 31608302
111  12.99164457  080.17714411 1 101
111  12.99238886  080.17795951 1 101
111  12.99330495  080.18042911 1 101
111  12.99347965  080.18086581 1 101
111  12.99363435  080.18145591 1 101
115  12.99367155  080.18198001
120 Taxiway Center-Line: J, OSMID: 31608303
111  12.99367155  080.18198001 1 101
111  12.99366345  080.18231201 1 101
111  12.99373595  080.18259251 1 101
111  12.99404065  080.18295521 1 101
111  12.99530174  080.18414531 1 101
111  12.99550133  080.18419341 1 101
111  12.99570933  080.18409191 1 101
115  12.99578293  080.18387881
120 Taxiway Center-Line: M3, OSMID: 31613586
111  13.00068129  080.16833141 1 101
111  12.99939460  080.16764851 1 101
111  12.99920510  080.16759061 1 101
115  12.99902620  080.16764851
120 Taxiway Center-Line: L3, OSMID: 31613596
111  12.99900940  080.17158301 1 101
111  13.00017909  080.17222781 1 101
111  13.00033929  080.17247371 1 101
115  13.00033559  080.17281651
120 Taxiway Center-Line: (closed), OSMID: 31613603
111  12.99676842  080.17894141 1 101
111  12.99651162  080.17948491 1 101
111  12.99626253  080.17997191 1 101
111  12.99599103  080.18048971 1 101
115  12.99513934  080.18216111
120 Taxiway Center-Line: M1, OSMID: 31613628
111  12.99765231  080.17037001 1 101
111  12.99772601  080.17060161 1 101
111  12.99786811  080.17071741 1 101
115  12.99912780  080.17135261
120 Taxiway Center-Line: L2, OSMID: 31613632
111  13.00033559  080.17281651 1 101
115  12.99949360  080.17453031
120 Taxiway Center-Line: L1, OSMID: 31613637
111  12.99949360  080.17453031 1 101
111  12.99921790  080.17483211 1 101
111  12.99891240  080.17477621 1 101
115  12.99768881  080.17415141
120 Taxiway Center-Line: (closed), OSMID: 31615265
111  12.99662502  080.18081041 1 101
115  12.99599103  080.18048971
120 Taxiway Center-Line: (closed), OSMID: 31615266
111  12.99687832  080.18028541 1 101
115  12.99626253  080.17997191
120 Taxiway Center-Line: (closed), OSMID: 31615267
111  12.99712182  080.17979831 1 101
115  12.99651162  080.17948491
120 Taxiway Center-Line: , OSMID: 31615268
111  12.99347965  080.18086581 1 101
111  12.99364405  080.18098191 1 101
111  12.99391975  080.18104961 1 101
115  12.99414705  080.18100611
120 Taxiway Center-Line: , OSMID: 31615271
111  12.99259496  080.18105261 1 101
115  12.99330495  080.18042911
120 Taxiway Center-Line: , OSMID: 31616560
111  12.98923579  080.17175971 1 101
111  12.98962579  080.17253321 1 101
115  12.98983219  080.17294251
120 Taxiway Center-Line: B, OSMID: 31616561
111  12.98983219  080.17294251 1 101
111  12.99122637  080.17681791 1 101
115  12.99164457  080.17714411
120 Taxiway Center-Line: , OSMID: 31616567
111  12.98412284  080.15475591 1 101
111  12.98417694  080.15449191 1 101
111  12.98414454  080.15423231 1 101
111  12.98398874  080.15379101 1 101
111  12.98398874  080.15357031 1 101
111  12.98407964  080.15344051 1 101
111  12.98422244  080.15338861 1 101
115  12.98439114  080.15350541
120 Taxiway Center-Line: , OSMID: 158081449
111  12.99277796  080.17088011 1 101
115  12.99582563  080.16484921
120 Taxiway Center-Line: , OSMID: 158081450
111  12.99508104  080.17209871 1 101
115  12.99865661  080.16501021
120 Taxiway Center-Line: , OSMID: 158081451
111  12.99318986  080.17199101 1 101
111  12.99277796  080.17088011 1 101
115  12.99042828  080.16454211
120 Taxiway Center-Line: , OSMID: 158081453
111  12.99864011  080.17230131 1 101
111  12.99670502  080.17219111 1 101
111  12.99508104  080.17209871 1 101
111  12.99318986  080.17199101 1 101
115  12.99128857  080.17188281
120 Taxiway Center-Line: , OSMID: 158081454
111  12.98849270  080.16442031 1 101
111  12.99042828  080.16454211 1 101
111  12.99582563  080.16484921 1 101
111  12.99865661  080.16501021 1 101
111  13.00033249  080.16510561 1 101
115  13.00228277  080.16521651
120 Taxiway Center-Line: , OSMID: 158081455
111  13.00137658  080.16307301 1 101
111  13.00033249  080.16510561 1 101
111  12.99902620  080.16764851 1 101
111  12.99765231  080.17037001 1 101
111  12.99670502  080.17219111 1 101
115  12.99568543  080.17415101
120 Service Road Centerline: , OSM ID: 28534213
111  12.98240125  080.16666881 22
111  12.98256205  080.16707741 22
111  12.98307005  080.16842841 22
111  12.98350114  080.16954241 22
115  12.98415354  080.17059811
120 Service Road Centerline: , OSM ID: 28534214
111  12.98307005  080.16842841 22
111  12.98400304  080.16807461 22
111  12.98441284  080.16915611 22
115  12.98350114  080.16954241
120 Service Road Centerline: , OSM ID: 28534220
111  12.98480863  080.17034811 22
111  12.98514043  080.17080411 22
111  12.98534183  080.17131021 22
111  12.98541943  080.17150501 22
111  12.98551513  080.17174541 22
111  12.98560262  080.17196541 22
111  12.98562552  080.17202291 22
111  12.98573022  080.17221401 22
115  12.98585132  080.17243481
120 Service Road Centerline: , OSM ID: 28534221
111  12.98541943  080.17150501 22
115  12.98610222  080.17122461
120 Service Road Centerline: , OSM ID: 28534222
111  12.98551513  080.17174541 22
115  12.98618592  080.17149071
120 Service Road Centerline: , OSM ID: 28534223
111  12.98560262  080.17196541 22
115  12.98618592  080.17173961
120 Service Road Centerline: , OSM ID: 28534224
111  12.98573022  080.17221401 22
115  12.98615242  080.17204001
120 Service Road Centerline: , OSM ID: 28534226
111  12.98534183  080.17131021 22
115  12.98601862  080.17104441
120 Service Road Centerline: , OSM ID: 28534211
111  12.98696371  080.17018611 22
111  12.98676291  080.16960241 22
115  12.98627792  080.16821201
120 Service Road Centerline: , OSM ID: 31613607
111  12.99232336  080.18016361 22
111  12.99267836  080.18070381 22
111  12.99294066  080.18116681 22
111  12.99296846  080.18131191 22
111  12.99295616  080.18143541 22
111  12.99246536  080.18189531 22
111  12.99240976  080.18202811 22
111  12.99245606  080.18219171 22
111  12.99404275  080.18498541 22
111  12.99418165  080.18511811 22
111  12.99460764  080.18539901 22
111  12.99473414  080.18555951 22
111  12.99489474  080.18592071 22
111  12.99491324  080.18629421 22
111  12.99497494  080.18651031 22
111  12.99601833  080.18883171 22
111  12.99641603  080.18934851 22
111  12.99661632  080.18939401 22
111  12.99812801  080.18882331 22
111  12.99856821  080.18799771 22
111  12.99855541  080.18768681 22
111  12.99770001  080.18539131 22
111  12.99760891  080.18464231 22
111  12.99710952  080.18341121 22
111  12.99634323  080.18141361 22
111  12.99629873  080.18124551 22
111  12.99638773  080.18110211 22
111  12.99662502  080.18081041 22
111  12.99687832  080.18028541 22
111  12.99712182  080.17979831 22
111  12.99756442  080.17894141 22
111  12.99868681  080.17671641 22
111  12.99894890  080.17579681 22
115  12.99919610  080.17562371
120 Service Road Centerline: , OSM ID: 31616566
111  12.98355394  080.15789281 22
111  12.98724271  080.16773831 22
111  12.98902039  080.17229491 22
111  12.98956869  080.17356851 22
111  12.99037228  080.17560801 22
115  12.99055908  080.17596271
1300  12.99207893  080.17881065 157.38 gate heavy|jets Cargo
1300  12.99523480  080.16774679  27.03 gate turboprops|props Regional Gate 95
1300  12.99757080  080.16880940  37.18 hangar turboprops|props GA Ramp 74
1300  12.98631253  080.16653536 -23.91 gate heavy|jets Domestic Terminal Gate 57
1300  12.98442292  080.16583824 163.50 gate heavy|jets Domestic Terminal Gate 22
1300  12.98497887  080.16714389 158.96 gate heavy|jets Domestic Terminal Gate 19
1300  12.98316693  080.16239637 154.36 gate heavy|jets Intl Terminal Gate 30
1300  12.98303086  080.16200072 -206.65 gate heavy|jets Intl Terminal Gate 31
1300  12.98271599  080.16115550 152.53 gate heavy|jets Intl Terminal Gate 32
51 11890 CHENNAI CNTR
55 12790 APP
50 12745 ATIS
51 12570 SCHENNAI RADARS
53 12190 GND
54 11810 TWR
99
