I
1000 Generated by WorldEditor

1   1558 1 0 VOPN SRI SATHYA SAI
100 46.61 1 0 0.25 0 0 0 09  14.14905314  077.78079745  100    0 2 0 0 0 27  14.14814036  077.80150947    0    0 2 0 0 0
110 2 0.00 0.0000 New Taxiway 4
111  14.15016089  077.78146535
111  14.15012380  077.78229990
111  14.15069363  077.78233467
113  14.15072060  077.78151751
110 1 0.00 0.0000 New Taxiway 3
112  14.14918982  077.78201128  14.14916959  077.78213647
111  14.14930109  077.78196260
111  14.14940561  077.78194869
112  14.15003951  077.78199390  14.15013729  077.78200085
111  14.15015077  077.78211213
112  14.15016089  077.78162183  14.15015752  077.78177135
111  14.15007322  077.78176092
111  14.14996533  077.78175744
112  14.14948653  077.78173658  14.14920330  077.78174006
113  14.14921005  077.78153838
110 1 0.00 0.0000 New Taxiway 33
112  14.14863430  077.79516353  14.14863188  077.79516353
112  14.14883656  077.79492622  14.14885593  077.79473013
113  14.14865852  077.79464020
110 1 0.00 0.0000 New Taxiway 31
111  14.14834778  077.80150649
111  14.14862671  077.80144212
111  14.14863256  077.80095735
112  14.14846091  077.80094729  14.14837509  077.80093120
113  14.14837899  077.80087487
110 2 0.00 0.0000 New Taxiway 37
111  14.14890920  077.78898204
111  14.14906797  077.78898802
111  14.14906326  077.78921438
111  14.14946920  077.78920951
111  14.14948099  077.78864483
111  14.14905853  077.78864727
111  14.14906090  077.78883225
113  14.14892100  077.78883357
110 1 0.00 0.0000 New Taxiway 36
111  14.14886205  077.78080014
111  14.14860999  077.78081374
111  14.14858801  077.78128224
113  14.14884007  077.78132305
120 Linear Feature 7
111  14.15021362  077.78175552 1
116  14.15009222  077.78188404  14.14999661  077.78188626
120 Linear Feature 6
111  14.15009115  077.78188515 1
116  14.15019429  077.78200149  14.15020933  077.78206908
120 Linear Feature 5
111  14.15009091  077.78188443 1
111  14.14924572  077.78183693 1
112  14.14902003  077.78200556  14.14900622  077.78218844 1
115  14.14900852  077.78247581
120 Linear Feature 35
111  14.14878569  077.79499991 20
115  14.14868275  077.79485003
120 Linear Feature 34
111  14.14878932  077.79486252 20
115  14.14866821  077.79499367
120 Linear Feature 32
111  14.14819954  077.80044441 1
111  14.14818394  077.80082056 1
112  14.14834973  077.80099959  14.14849017  077.80104786 1
112  14.14853308  077.80118264  14.14853308  077.80127315 1
112  14.14836144  077.80138781  14.14826391  077.80138580 1
116  14.14815694  077.80121323  14.14815694  077.80107444
21  14.14783233  077.79881102 2 272.6600 3.0 New Light Fixture 3
21  14.14939542  077.78443526 2 92.8100 3.0 09  PAPI-4L
54 11840 TWR
99
