I
1000 Generated by WorldEditor

1   1007 0 0 VOSM SALEM
100 45.72 1 0 0.25 0 0 0 04  11.77656900  078.06094700    0   67 2 0 0 0 22  11.79005800  078.07026700    0   67 2 0 0 0
110 1 0.00 0.0000 New Taxiway 62
111  11.78411117  078.06590625
111  11.78521461  078.06424080
111  11.78513402  078.06418381
113  11.78400579  078.06584925
110 2 0.00 0.0000 New Taxiway 63
111  11.78564854  078.06388618
111  11.78539438  078.06362655
111  11.78501623  078.06410149
113  11.78530759  078.06434212
110 1 0.00 0.0000 New Taxiway 61
112  11.78331449  078.06541222  11.78312852  078.06521648
111  11.78323559  078.06506681
112  11.78363571  078.06453142  11.78372588  078.06439326
111  11.78386113  078.06442205
111  11.78402750  078.06453166
111  11.78435291  078.06404286
111  11.78368671  078.06357327
112  11.78340219  078.06404157  11.78348672  078.06409339
111  11.78352864  078.06422631
112  11.78304812  078.06486750  11.78287906  078.06507474
113  11.78270022  078.06494016
130 Airport Boundary 66
111  11.77602939  078.05960795
111  11.77537453  078.06076978
111  11.79047079  078.07175443
111  11.79105671  078.07034614
111  11.78481831  078.06587483
113  11.78630036  078.06383281
120 Linear Feature 4
112  11.78326623  078.06498057  11.78326806  078.06498432 4
115  11.78309747  078.06484379
120 Linear Feature 3
111  11.78370267  078.06444228 3
111  11.78323137  078.06505927 3
116  11.78320753  078.06528037  11.78326439  078.06538718
120 Linear Feature 2
111  11.78353752  078.06423728 3
111  11.78305566  078.06487906 3
116  11.78278417  078.06498746  11.78262431  078.06494241
120 Linear Feature 1
111  11.78307106  078.06510774 1
116  11.78310651  078.06546474  11.78326913  078.06557877
120 Linear Feature 65
111  11.78385069  078.06406059 1
112  11.78383144  078.06386006  11.78379295  078.06383253 1
112  11.78367748  078.06380108  11.78362744  078.06383253 1
112  11.78356585  078.06400554  11.78356585  078.06409204 1
112  11.78361974  078.06430437  11.78361589  078.06434762 1
116  11.78357355  078.06440660  11.78355430  078.06443413
120 Linear Feature 64
111  11.78267285  078.06516547 1
112  11.78306931  078.06511043  11.78318479  078.06493742 1
111  11.78366208  078.06428078 1
112  11.78396231  078.06397802  11.78407940  078.06393068 1
112  11.78418941  078.06403307  11.78422672  078.06410412 1
112  11.78410473  078.06424932  11.78404314  078.06428864 1
112  11.78387378  078.06429651  11.78381605  078.06428864 1
116  11.78361974  078.06433583  11.78352736  078.06441447
19  11.77657395  078.06018932 1 WS
19  11.79005303  078.07102472 1 WS
99
