I
1000 Generated by WorldEditor

1    288 1 0 VOTR TIRUCHIRAPPALLI
100 45.72 1 0 0.25 0 3 0 09  10.76518100  078.70726700  157    0 2 0 0 0 27  10.76648600  078.72427200    0   32 3 0 0 0
110 2 0.00 0.0000 New Taxiway 7
111  10.76691025  078.70827785
111  10.76737067  078.70859291
111  10.76736044  078.70863456
111  10.76747043  078.70884807
111  10.76767762  078.70872049
111  10.76752671  078.70849657
111  10.76742695  078.70854604
111  10.76698281  078.70821894
111  10.76703765  078.70818850
111  10.76671364  078.70767604
111  10.76624509  078.70796017
113  10.76659900  078.70846757
110 2 0.00 0.0000 buildings
111  10.76344660  078.70813479
111  10.76314503  078.70762522
111  10.76227650  078.70815935
112  10.76213778  078.70825758  10.76210159  078.70835581
112  10.76221016  078.70833125  10.76230063  078.70833739
112  10.76243332  078.70839878  10.76246348  078.70847859
112  10.76250570  078.70857068  10.76246951  078.70861366
112  10.76224635  078.70872417  10.76220413  078.70872417
112  10.76193271  078.70833739  10.76192065  078.70830669
112  10.76169749  078.70815321  10.76164924  078.70816549
112  10.76059977  078.70882854  10.76060580  078.70886537
112  10.76064802  078.70903728  10.76067818  078.70909253
114  10.76106419  078.70946703  10.76107625  078.70946703
110 2 0.00 0.0000 apron
111  10.76391825  078.70899450
111  10.76347307  078.70811792
111  10.76119609  078.70938078
113  10.76168506  078.71028708
110 1 0.00 0.0000 New Taxiway 2
111  10.76660412  078.70846126
111  10.76648659  078.70819806
111  10.76569579  078.70869992
112  10.76548471  078.70866527  10.76540300  078.70855784
111  10.76512382  078.70875191
112  10.76497061  078.70881082  10.76489912  078.70881082
112  10.76376092  078.70852314  10.76371267  078.70848631
112  10.76361616  078.70836966  10.76357997  078.70832054
111  10.76352569  078.70819162
111  10.76356791  078.70816706
111  10.76353775  078.70809953
111  10.76345331  078.70811794
111  10.76391773  078.70900202
112  10.76421327  078.70893448  10.76435200  078.70896518
111  10.76446659  078.70897746
111  10.76447262  078.70903271
111  10.76213243  078.71043864
112  10.76198165  078.71040794  10.76196355  078.71036496
112  10.76199974  078.71008255  10.76202990  078.71006413
111  10.76169214  078.71027287
111  10.76197025  078.71076999
112  10.76185565  078.71104012  10.76171090  078.71111994
111  10.76142139  078.71127956
111  10.76152392  078.71155583
113  10.76502173  078.70938691
112  10.76243682  078.71066638  10.76240277  078.71068717
112  10.76231085  078.71066638  10.76225297  078.71064905
111  10.76224957  078.71054855
111  10.76236532  078.71048271
112  10.76457294  078.70913263  10.76460389  078.70910427
112  10.76486078  078.70905387  10.76504030  078.70908537
113  10.76486698  078.70926180
110 1 0.00 0.0000 New Taxiway 1
111  10.76622573  078.72327332
111  10.76605682  078.72362137
111  10.76611450  078.72425876
113  10.76627928  078.72423360
120 Linear Feature 25
111  10.76441474  078.70921784 5
115  10.76435593  078.70912648
120 Linear Feature 24
111  10.76234708  078.71031045 5
115  10.76242198  078.71042481
120 Linear Feature 23
111  10.76559010  078.70890981 1
116  10.76532701  078.70918705  10.76534249  078.70934143
120 Linear Feature 22
111  10.76530237  078.70882646 1
112  10.76559064  078.70890863  10.76576744  078.70879516 1
115  10.76651162  078.70836360
120 Linear Feature 21
111  10.76533473  078.70933698 1
112  10.76504089  078.70925090  10.76488446  078.70935204 1
111  10.76236592  078.71088711 1
112  10.76212133  078.71078930  10.76203921  078.71063281 1
115  10.76180787  078.71023402
120 Linear Feature 20
111  10.76503878  078.70899699 1
116  10.76532628  078.70917344  10.76533685  078.70928748
120 Linear Feature 19
111  10.76414639  078.70877599 1
115  10.76381437  078.70891346
120 Linear Feature 18
111  10.76530140  078.70882761 1
112  10.76503721  078.70899505  10.76479795  078.70892402 1
111  10.76426316  078.70876944 1
112  10.76414457  078.70877180  10.76411666  078.70878127 1
112  10.76395156  078.70872446  10.76387482  078.70870079 1
112  10.76373840  078.70862133  10.76369338  078.70858982 1
116  10.76363711  078.70857264  10.76362022  078.70857550
120 Linear Feature 17
111  10.76469151  078.70940820 4
115  10.76474778  078.70949933
120 Linear Feature 16
111  10.76469918  078.70884059 4
115  10.76466849  078.70895255
120 Linear Feature 15
112  10.76596796  078.70876199  10.76596421  078.70875818 4
115  10.76589680  078.70865144
120 Linear Feature 14
111  10.76156482  078.71133805 3
115  10.76163188  078.71134005
120 Linear Feature 13
111  10.76160277  078.71130208 3
115  10.76159685  078.71137636
120 Linear Feature 14
111  10.76198687  078.71109330 3
115  10.76205393  078.71109531
120 Linear Feature 13
111  10.76202738  078.71106254 3
115  10.76202147  078.71113682
120 Linear Feature 14
111  10.76219918  078.71048403 3
115  10.76226624  078.71048604
120 Linear Feature 13
111  10.76223457  078.71045327 3
115  10.76222866  078.71052756
120 Linear Feature 14
111  10.76337887  078.70977499 3
115  10.76344593  078.70977699
120 Linear Feature 13
111  10.76341426  078.70974422 3
115  10.76340834  078.70981851
120 Linear Feature 14
111  10.76422320  078.70926209 3
115  10.76429026  078.70926409
120 Linear Feature 13
111  10.76426575  078.70922266 3
115  10.76425983  078.70929694
120 Linear Feature 14
111  10.76455325  078.70906246 3
115  10.76462032  078.70906447
120 Linear Feature 13
111  10.76459073  078.70902733 3
115  10.76458481  078.70910161
120 Linear Feature 12
111  10.76173327  078.71026622 3
112  10.76202504  078.71079084  10.76203028  078.71081752 3
112  10.76198311  078.71100958  10.76192021  078.71105404 3
111  10.76152880  078.71129760 3
111  10.76150090  078.71130233 3
111  10.76157299  078.71145145 3
111  10.76502644  078.70933731 3
112  10.76509832  078.70930934  10.76513003  078.70931579 3
115  10.76514271  078.70931579
120 Linear Feature 11
111  10.76388578  078.70897850 3
112  10.76416483  078.70885305  10.76425087  078.70885542 3
112  10.76494804  078.70907010  10.76495861  078.70909377 3
112  10.76495650  078.70918415  10.76493536  078.70920782 3
112  10.76469437  078.70938642  10.76443646  078.70952414 3
111  10.76240611  078.71075971 3
112  10.76227327  078.71075677  10.76219386  078.71072003 3
112  10.76215938  078.71068277  10.76213492  078.71065075 3
112  10.76194973  078.71034310  10.76193401  078.71024351 3
115  10.76196546  078.71011191
120 Linear Feature 10
111  10.76510634  078.70883301 3
112  10.76490411  078.70889019  10.76479925  078.70885969 3
111  10.76414855  078.70867789 3
112  10.76365325  078.70848380  10.76358348  078.70841042 3
115  10.76346954  078.70815005
120 Linear Feature 9
111  10.76551015  078.70905911 3
115  10.76656810  078.70842042
120 Linear Feature 8
111  10.76646492  078.70829912 3
111  10.76574650  078.70872974 3
112  10.76561144  078.70879561  10.76557486  078.70878416 3
112  10.76550452  078.70874979  10.76549608  078.70873833 3
115  10.76546794  078.70872688
120 Linear Feature 6
111  10.76347676  078.70816548 20
115  10.76121497  078.70939336
21  10.76583375  078.71049508 2 85.5300 3.0 09  PAPI-4L
21  10.76579822  078.72058506 2 265.5400 3.0 27  PAPI-4L
14  10.76185116  078.70874576  82.02 0 New Tower Viewpoint 1
1300  10.76667663  078.70787500 108.44 tie_down props GA2
1300  10.76752651  078.70869546 237.99 hangar props GA1
1300  10.76156947  078.70935878  36.87 misc turboprops 6
1300  10.76191916  078.70918081  54.46 misc turboprops 5
1300  10.76225914  078.70899294  59.04 misc heavy|jets 4
1300  10.76263797  078.70875564  71.56 misc heavy|jets 3
1300  10.76298766  078.70851834  63.43 misc heavy|jets 2
1300  10.76337621  078.70837992  68.20 misc heavy|jets 1
19  10.76576424  078.70680052 1 WS
19  10.76590273  078.72473846 1 WS
54 11830 TRICHY TWR
54 11970 TRICHY TWR
55 11970 TRICHY APP
99
